"WeatherStationID"|"AirportID"|"GroundHeight"|"StationHeight"|"BarometerHeight"|"Latitude"|"Longitude"|"TimeZone"
3011|"TEX"|0|0|0|37.57|-107.55|"+7"
3012|"SKX"|0|0|0|36.28|-105.4|"+7"
3013|"LAA"|3683|3703|3675|38.04|-102.41|"+7"
3014|"4SL"|0|6909|0|35.47|-107.14|"+7"
3016|"RIL"|5503|5544|5506|39.32|-107.44|"+7"
3017|"DEN"|5379|5431|5382|39.5|-104.4|"+7"
3024|"BGD"|3038|3054|3041|35.42|-101.23|"+6"
3026|"ITR"|4195|4217|4198|39.14|-102.17|"+7"
3027|"CQC"|7089|7086|7092|35|-105.4|"+7"
3028|"SPD"|4383|4380|4386|37.17|-102.37|"+7"
3029|"RQE"|6742|6739|6745|35.4|-109.04|"+7"
3030|"GUY"|3115|3112|3118|36.41|-101.31|"+6"
3031|"ODO"|2959|3001|2962|31.55|-102.23|"+6"
3032|"6R6"|2304|2301|2307|30.03|-102.13|"+6"
3034|"AEG"|0|0|0|35.09|-106.48|"+7"
3035|"ATS"|0|0|0|32.51|-104.28|"+7"
3036|"BDG"|0|5865|0|37.35|-109.29|"+7"
3037|"CBK"|0|0|0|39.26|-101.03|"+7"
3038|"CCU"|0|0|0|39.28|-106.09|"+7"
3039|"CPW"|0|0|0|37.27|-106.48|"+7"
3040|"MNH"|0|0|0|39.13|-104.38|"+7"
3041|"MYP"|0|0|0|38.29|-106.19|"+7"
3042|"VTP"|0|0|0|37.3|-105.1|"+7"
3043|"ADT"|0|2991|0|39.5|-101.02|"+6"
3044|"BPG"|0|2573|0|32.19|-101.31|"+6"
3045|"PYX"|0|2918|0|36.25|-100.45|"+6"
3049|"E38"|0|4315|0|30.23|-103.41|"+6"
3050|"SNK"|0|2430|0|32.41|-100.57|"+6"
3051|"3K7"|0|3303|0|38.28|-101.21|"+7"
3052|"PPA"|0|3245|0|35.37|-101|"+6"
3053|"5T6"|0|4112|0|31.53|-106.42|"+7"
3056|"31F"|0|3315|0|32.41|-102.39|"+6"
3058|"PEQ"|0|2613|0|31.23|-103.31|"+6"
3059|"E29"|0|2140|0|30.35|-100.39|"+6"
3065|"BJC"|0|5670|0|39.55|-105.07|"+7"
3101|"SOW"|0|6415|0|34.16|-110.01|"+7"
3102|"ONT"|901|905|904|34.04|-117.36|"+8"
3103|"FLG"|7000|7018|7003|35.08|-111.4|"+7"
3104|"TRM"|-119|-117|-116|33.38|-116.1|"+8"
3124|"FHU"|0|4719|0|31.35|-110.2|"+7"
3131|"MYF"|446|423|449|32.49|-117.08|"+8"
3144|"IPL"|-56|-56|-56|32.5|-115.35|"+8"
3145|"NYL"|213|213|214|32.39|-114.37|"+8"
3148|"GBN"|0|858|0|32.53|-112.43|"+7"
3154|"NFG"|660|78|71|33.18|-117.21|"+8"
3159|"WJF"|2368|2339|2371|34.44|-118.13|"+8"
3160|"DRA"|3299|3310|3302|36.37|-116.02|"+8"
3162|"PGA"|4289|4310|4292|36.56|-111.27|"+7"
3163|"P38"|4372|4373|4375|37.37|-114.32|"+8"
3164|"CZZ"|2612|2615|2615|32.37|-116.28|"+8"
3165|"EMT"|0|296|0|34.05|-118.02|"+8"
3166|"FUL"|117|96|120|33.52|-117.59|"+8"
3167|"HHR"|59|63|62|33.55|-118.2|"+8"
3170|"P68"|5939|5936|5942|39.36|-116.01|"+8"
3171|"RAL"|826|831|829|33.57|-117.26|"+8"
3174|"TOA"|0|103|0|33.48|-118.2|"+8"
3177|"CRQ"|326|328|329|33.08|-117.17|"+8"
3178|"SDM"|540|524|543|32.34|-116.59|"+8"
3179|"CNO"|679|681|682|33.59|-117.38|"+8"
3180|"POC"|0|1011|0|34.05|-117.47|"+8"
3181|"MMH"|0|7128|0|37.28|-118.5|"+8"
3183|"MHV"|0|2791|0|35.04|-118.09|"+8"
3184|"DVT"|1455|1476|1458|33.41|-112.05|"+7"
3185|"FFZ"|0|1394|0|33.28|-111.44|"+7"
3192|"SDL"|1473|1510|1469|33.37|-111.55|"+7"
3195|"GCN"|6643|6606|6646|35.57|-112.09|"+7"
3196|"OLS"|3884|3932|3887|31.25|-110.51|"+7"
3701|"CPK"|0|0|0|36.4|-76.19|"+5"
3702|"DPL"|0|0|0|35|-77.59|"+5"
3703|"EDE"|0|0|0|36.02|-76.34|"+5"
3704|"EMV"|0|0|0|36.41|-77.29|"+5"
3705|"EYF"|0|0|0|34.36|-78.35|"+5"
3706|"EZF"|0|0|0|38.16|-77.27|"+5"
3707|"FVX"|0|0|0|37.22|-78.26|"+5"
3708|"GWW"|0|0|0|35.28|-77.58|"+5"
3709|"HBI"|0|0|0|35.39|-79.54|"+5"
3710|"HEF"|0|0|0|38.43|-77.31|"+5"
3711|"HNZ"|0|0|0|36.22|-78.32|"+5"
3712|"HRJ"|0|0|0|35.23|-78.44|"+5"
3713|"JNX"|0|0|0|35.32|-78.23|"+5"
3714|"JYO"|0|0|0|39.05|-77.34|"+5"
3715|"LKU"|0|0|0|38.01|-77.58|"+5"
3716|"MFV"|0|0|0|37.39|-75.46|"+5"
3717|"OKV"|0|0|0|39.08|-78.08|"+5"
3718|"OMH"|0|0|0|38.15|-78.03|"+5"
3719|"SFQ"|0|0|0|36.41|-76.36|"+5"
3720|"SOP"|0|0|0|35.14|-79.23|"+5"
3721|"SUT"|0|0|0|33.56|-78.04|"+5"
3722|"TDF"|0|0|0|36.17|-78.59|"+5"
3723|"TTA"|0|0|0|35.35|-79.06|"+5"
3725|"W99"|0|960|0|38.59|-79.08|"+5"
3726|"WWD"|0|0|0|39.01|-74.55|"+5"
3727|"CTZ"|0|0|0|34.59|-78.22|"+5"
3730|"JGG"|0|49|0|37.14|-76.43|"+5"
3731|"LHZ"|0|369|0|36.01|-78.2|"+5"
3734|"FYJ"|0|24|0|37.31|-76.46|"+5"
3735|"RMN"|0|212|0|38.24|-77.28|"+5"
3736|"FFA"|0|13|0|36.01|-75.4|"+5"
3737|"9W7"|0|16|0|36.24|-76.01|"+5"
3738|"45J"|0|358|0|34.53|-79.46|"+5"
3741|"OCW"|0|38|0|35.34|-77.03|"+5"
3742|"UDG"|0|192|0|34.28|-79.53|"+5"
3802|"CKB"|1182|1203|1185|39.18|-80.14|"+5"
3804|"PKB"|863|864|866|39.21|-81.26|"+5"
3809|"DYR"|0|338|0|36.01|-89.19|"+6"
3810|"HKY"|1161|1188|1164|35.44|-81.23|"+5"
3811|"MKL"|420|422|423|35.35|-88.55|"+6"
3812|"AVL"|2171|2170|2174|35.26|-82.32|"+5"
3813|"MCN"|356|362|359|32.41|-83.39|"+5"
3816|"PAH"|391|413|394|37.04|-88.46|"+6"
3818|"MAI"|106|113|109|30.5|-85.11|"+6"
3820|"AGS"|160|148|163|33.22|-81.58|"+5"
3821|"LGC"|0|0|0|33.01|-85.04|"+5"
3822|"SAV"|48|51|51|32.07|-81.12|"+5"
3832|"WDR"|0|0|0|33.59|-83.4|"+5"
3847|"CSV"|1869|1870|1872|35.57|-85.05|"+6"
3849|"LOZ"|1189|1211|1192|37.05|-84.05|"+5"
3850|"OZR"|0|301|0|31.17|-85.43|"+6"
3852|"HRT"|0|38|0|30.26|-86.41|"+6"
3853|"NRB"|16|14|24|30.24|-81.25|"+5"
3855|"NPA"|20|30|36|30.21|-87.19|"+6"
3856|"HSV"|642|644|645|34.38|-86.47|"+6"
3858|"MMT"|0|252|0|33.55|-80.48|"+5"
3859|"BLF"|2863|2867|2866|37.18|-81.13|"+5"
3860|"HTS"|822|838|825|38.23|-82.34|"+5"
3865|"MWA"|0|0|0|37.45|-89.01|"+6"
3866|"NMM"|288|317|293|32.33|-88.34|"+6"
3868|"HUF"|588|593|591|39.27|-87.19|"+5"
3870|"GSP"|940|971|943|34.54|-82.13|"+5"
3872|"BKW"|2505|2514|2508|37.47|-81.07|"+5"
3875|"LHW"|0|46|0|31.34|-81.34|"+5"
3878|"TOI"|387|397|390|31.52|-86.01|"+6"
3879|"SLO"|0|0|0|38.38|-88.58|"+6"
3882|"PFN"|39|18|42|30.13|-85.41|"+6"
3887|"DEC"|678|679|681|39.5|-88.52|"+6"
3888|"FTY"|856|841|859|33.47|-84.31|"+5"
3889|"JKL"|1353|1357|1356|37.35|-83.19|"+5"
3892|"AUO"|0|0|0|32.37|-85.26|"+6"
3893|"BMG"|845|847|848|39.08|-86.37|"+5"
3894|"CKV"|560|550|544|36.37|-87.25|"+6"
3896|"GAD"|0|0|0|33.58|-86.05|"+6"
3901|"GGG"|352|373|355|32.23|-94.43|"+6"
3902|"GRK"|0|1015|0|31.04|-97.5|"+6"
3904|"CLL"|326|328|329|30.35|-96.22|"+6"
3908|"HDC"|0|0|0|30.31|-90.25|"+6"
3914|"CGZ"|0|0|0|32.57|-111.46|"+7"
3918|"FLP"|0|0|0|36.17|-92.35|"+6"
3919|"SLN"|1263|1282|1266|38.49|-97.4|"+6"
3923|"IAB"|0|1371|0|37.37|-97.16|"+6"
3927|"DFW"|559|596|562|32.54|-97.02|"+6"
3928|"ICT"|1338|1340|1341|37.39|-97.26|"+6"
3929|"GVW"|1090|1090|1090|38.5|-94.34|"+6"
3930|"LRF"|0|311|0|34.55|-92.09|"+6"
3931|"POE"|0|330|0|31.02|-93.06|"+6"
3932|"CSM"|1929|1955|1932|35.2|-99.12|"+6"
3933|"HLR"|0|924|0|30.08|-97.43|"+6"
3935|"CGI"|336|352|339|37.14|-89.34|"+6"
3936|"MHK"|1042|1070|1045|39.08|-96.41|"+6"
3937|"LCH"|14|9|17|30.07|-93.14|"+6"
3938|"TBN"|0|1159|0|37.44|-92.08|"+6"
3940|"JAN"|293|331|296|32.19|-90.05|"+6"
3945|"COU"|881|898|884|38.49|-92.13|"+6"
3947|"MCI"|1005|1025|1008|39.18|-94.43|"+6"
3948|"OUN"|0|0|0|35.14|-97.28|"+6"
3950|"LAW"|1075|1108|1110|34.34|-98.25|"+6"
3953|"JBR"|261|274|264|35.5|-90.39|"+6"
3954|"PWA"|1304|1299|1307|35.32|-97.39|"+6"
3957|"P28"|1543|1540|1546|37.17|-98.33|"+6"
3958|"ALN"|0|544|0|38.53|-90.03|"+6"
3959|"BVO"|0|713|0|36.46|-96.01|"+6"
3960|"CPS"|413|413|416|38.34|-90.1|"+6"
3961|"HEZ"|0|272|0|31.37|-91.18|"+6"
3962|"HOT"|532|555|535|34.29|-93.06|"+6"
3963|"JEF"|552|573|555|38.35|-92.1|"+6"
3965|"SWO"|953|984|956|36.1|-97.05|"+6"
3966|"SUS"|488|462|491|38.4|-90.4|"+6"
3967|"OJC"|1069|1072|1072|38.51|-94.44|"+6"
3968|"HYS"|0|1998|0|38.5|-99.16|"+6"
3969|"SEP"|0|1321|0|32.07|-98.11|"+6"
3970|"ADS"|0|644|0|32.58|-96.5|"+6"
3971|"RBD"|667|671|670|32.41|-96.52|"+6"
3972|"ILE"|0|848|0|31.05|-97.41|"+6"
3973|"ASG"|0|0|0|36.11|-94.07|"+6"
3974|"AAO"|1424|1420|1427|37.45|-97.13|"+6"
3975|"POF"|327|328|330|36.46|-90.19|"+6"
3978|"VBT"|0|0|0|36.21|-94.13|"+6"
3981|"FDR"|1238|1255|1241|34.21|-98.59|"+6"
3985|"FWS"|0|700|0|32.34|-97.19|"+6"
3991|"DTO"|645|642|648|33.13|-97.12|"+6"
3994|"DMO"|899|905|902|38.42|-93.11|"+6"
3996|"TVR"|85|86|88|32.21|-91.02|"+6"
3997|"LWC"|830|832|833|39.01|-95.13|"+6"
3998|"PPF"|898|899|901|37.2|-95.3|"+6"
3999|"BMQ"|1275|1288|1278|30.44|-98.14|"+6"
4109|"P69"|1478|1480|1481|46.08|-115.36|"+7"
4110|"JER"|4009|4048|4012|42.44|-114.28|"+7"
4111|"EVW"|7140|7144|7143|41.16|-111.02|"+7"
4112|"SNT"|6498|6495|6501|44.1|-114.56|"+7"
4113|"HRI"|640|641|643|45.5|-119.16|"+8"
4114|"LLJ"|5039|5040|5042|41.31|-114.13|"+7"
4116|"U42"|0|0|0|40.37|-111.59|"+7"
4128|"SZT"|0|2127|0|48.18|-116.34|"+8"
4132|"AWH"|0|4240|0|41.4|-115.47|"+8"
4201|"SPB"|47|55|50|45.46|-122.52|"+8"
4205|"AWO"|0|0|0|48.1|-122.1|"+8"
4224|"ORS"|0|31|0|48.43|-122.55|"+8"
4720|"JHW"|0|0|0|42.09|-79.16|"+5"
4724|"IAG"|585|587|599|43.07|-78.57|"+5"
4725|"BGM"|1627|1638|1630|42.13|-75.59|"+5"
4726|"JST"|2277|2284|2280|40.19|-78.5|"+5"
4741|"SCH"|0|0|0|42.51|-73.56|"+5"
4743|"PSM"|0|100|0|43.05|-70.49|"+5"
4751|"BFD"|2122|2150|2125|41.48|-78.38|"+5"
4780|"FIT"|339|348|342|42.33|-71.46|"+5"
4781|"ISP"|141|108|144|40.47|-73.06|"+5"
4787|"DUJ"|1804|1824|1807|41.11|-78.54|"+5"
4789|"MGJ"|356|365|359|41.31|-74.16|"+5"
4803|"RHI"|1590|1624|1593|45.38|-89.28|"+6"
4804|"OSU"|920|905|923|40.05|-83.05|"+5"
4805|"CGF"|0|879|0|41.34|-81.29|"+5"
4806|"EKM"|0|778|0|41.43|-86|"+5"
4807|"GYY"|0|0|0|41.37|-87.25|"+6"
4808|"ARR"|706|714|709|41.46|-88.29|"+6"
4813|"BVI"|0|1253|0|40.46|-80.23|"+5"
4824|"SUE"|0|0|0|44.5|-87.25|"+6"
4825|"ATW"|0|0|0|44.16|-88.31|"+6"
4826|"ISW"|1008|1021|1011|44.22|-89.5|"+7"
4827|"AFJ"|0|0|0|40.08|-80.17|"+5"
4828|"AID"|0|0|0|40.07|-85.37|"+5"
4829|"HYX"|0|0|0|43.26|-83.52|"+5"
4831|"LOT"|0|0|0|41.37|-88.05|"+6"
4836|"FVE"|987|1000|990|47.17|-68.19|"+5"
4838|"PWK"|641|647|644|42.07|-87.54|"+6"
4839|"BIV"|684|688|687|42.45|-86.06|"+6"
4840|"FLD"|789|807|792|43.46|-88.29|"+6"
4841|"SBM"|743|749|746|43.46|-87.51|"+6"
4842|"BJJ"|1127|1137|1130|40.52|-81.53|"+5"
4843|"GKJ"|1403|1400|1406|41.38|-80.13|"+5"
4845|"ENW"|720|743|723|42.36|-87.56|"+6"
4846|"VPZ"|757|770|760|41.27|-87.01|"+6"
4847|"ADG"|792|798|795|41.52|-84.05|"+5"
4848|"TDZ"|620|624|623|41.34|-83.29|"+5"
4849|"LPR"|790|794|793|41.11|-82.11|"+5"
4850|"AOH"|971|975|974|40.43|-84.02|"+5"
4851|"DFI"|718|708|721|41.2|-84.26|"+5"
4852|"PHD"|894|895|897|40.28|-81.25|"+5"
4853|"BKL"|603|584|606|41.31|-81.41|"+5"
4854|"GLR"|1335|1328|1338|45.01|-84.42|"+5"
4855|"MNN"|988|990|991|40.37|-83.04|"+5"
4856|"P75"|587|584|590|45.57|-86.14|"+5"
4857|"HZY"|907|924|910|41.47|-80.42|"+5"
4858|"VTA"|879|884|882|40.01|-82.28|"+5"
4862|"AAA"|0|0|0|40.1|-89.2|"+6"
4863|"ACB"|0|0|0|44.59|-85.12|"+5"
4864|"AIG"|0|0|0|45.09|-89.07|"+6"
4865|"ARV"|0|0|0|45.56|-89.44|"+5"
4866|"BUU"|0|0|0|42.41|-88.18|"+6"
4867|"C09"|0|0|0|41.26|-88.25|"+6"
4868|"C75"|0|0|0|41.01|-89.23|"+6"
4869|"CIU"|0|0|0|46.15|-84.28|"+5"
4870|"CVX"|0|0|0|45.18|-85.16|"+5"
4871|"DKB"|0|0|0|41.56|-88.43|"+6"
4872|"DUH"|0|0|0|41.44|-83.4|"+5"
4873|"EFT"|0|0|0|42.37|-89.35|"+6"
4874|"ERY"|0|0|0|46.19|-85.28|"+5"
4875|"ETB"|0|0|0|43.25|-88.08|"+6"
4876|"FEP"|0|0|0|42.15|-89.35|"+6"
4877|"FPK"|0|0|0|42.34|-84.49|"+5"
4878|"GOV"|0|0|0|44.41|-84.44|"+5"
4879|"IGQ"|0|0|0|41.32|-87.32|"+6"
4880|"IKK"|0|0|0|41.07|-87.51|"+6"
4881|"ISQ"|0|0|0|45.58|-86.1|"+5"
4882|"JYM"|0|0|0|41.55|-84.35|"+5"
4883|"LDM"|0|0|0|43.58|-86.25|"+6"
4884|"MGN"|0|0|0|45.26|-84.55|"+5"
4885|"MOP"|0|0|0|43.37|-84.44|"+6"
4886|"OEB"|0|0|0|41.56|-85.03|"+5"
4887|"OZW"|0|0|0|42.38|-83.59|"+5"
4888|"PHN"|0|0|0|42.55|-82.32|"+5"
4889|"PNT"|0|0|0|40.55|-88.38|"+6"
4890|"RPJ"|0|0|0|41.53|-89.05|"+6"
4891|"RRL"|0|0|0|45.12|-89.43|"+6"
4892|"SJX"|0|0|0|45.41|-85.34|"+5"
4893|"SLH"|0|0|0|45.39|-84.31|"+5"
4894|"SQI"|0|0|0|41.44|-89.41|"+6"
4895|"STE"|0|0|0|44.33|-89.32|"+6"
4896|"TIP"|0|0|0|40.17|-88.08|"+6"
4897|"UES"|0|0|0|43.02|-88.14|"+6"
4898|"UNU"|0|0|0|43.26|-88.42|"+6"
4899|"VYS"|0|0|0|41.21|-89.09|"+6"
4901|"AUH"|0|0|0|40.53|-97.59|"+6"
4902|"AUM"|0|0|0|43.4|-92.56|"+6"
4903|"AWG"|0|0|0|41.17|-91.4|"+6"
4904|"AXA"|0|0|0|43.05|-94.16|"+6"
4905|"BFW"|0|0|0|47.15|-91.25|"+6"
4906|"BNW"|0|0|0|42.03|-93.51|"+6"
4907|"CAV"|0|0|0|42.44|-93.46|"+6"
4908|"CBF"|0|0|0|41.16|-95.46|"+6"
4909|"CBG"|0|0|0|45.34|-93.16|"+6"
4910|"CIN"|0|0|0|42.03|-94.47|"+6"
4911|"CKC"|0|0|0|47.5|-90.23|"+6"
4912|"CKN"|0|0|0|47.5|-96.37|"+6"
4913|"CNC"|0|0|0|41.01|-93.22|"+6"
4914|"COQ"|0|0|0|46.42|-92.3|"+6"
4915|"CSQ"|0|0|0|41.01|-94.22|"+6"
4916|"DEH"|0|0|0|43.17|-91.44|"+6"
4917|"DNS"|0|0|0|41.59|-95.23|"+6"
4918|"DXX"|0|0|0|44.59|-96.11|"+6"
4919|"DYT"|0|0|0|46.43|-92.02|"+6"
4920|"EBS"|0|0|0|42.26|-93.52|"+6"
4921|"EOK"|0|0|0|40.28|-91.26|"+6"
4922|"ETH"|0|0|0|45.47|-96.32|"+6"
4923|"EVM"|0|0|0|47.25|-92.3|"+6"
4924|"FET"|0|0|0|41.27|-96.31|"+6"
4925|"FFL"|0|0|0|41.03|-91.59|"+6"
4926|"FGN"|0|0|0|49.19|-94.54|"+6"
4927|"FKA"|0|0|0|43.41|-92.11|"+6"
4928|"FOZ"|0|0|0|47.47|-93.39|"+6"
4929|"FSE"|0|0|0|47.35|-95.47|"+6"
4930|"FSW"|0|0|0|40.4|-91.2|"+6"
4931|"GHW"|0|0|0|45.38|-95.19|"+6"
4932|"GYL"|0|0|0|44.46|-94.05|"+6"
4933|"HCD"|0|0|0|44.52|-94.23|"+6"
4934|"HCO"|0|0|0|48.45|-96.56|"+6"
4935|"HDE"|0|0|0|40.27|-99.2|"+6"
4936|"HNR"|0|0|0|41.35|-95.2|"+6"
4937|"ICL"|0|0|0|40.43|-95.02|"+6"
4938|"IKV"|0|0|0|41.41|-93.34|"+6"
4939|"JKJ"|0|0|0|46.5|-96.4|"+6"
4940|"JMR"|0|0|0|45.53|-93.16|"+6"
4941|"LJF"|0|0|0|45.09|-94.31|"+6"
4942|"LRJ"|0|0|0|42.47|-96.11|"+6"
4943|"LVN"|0|0|0|44.38|-93.14|"+6"
4944|"LXL"|0|0|0|45.57|-94.21|"+6"
4945|"MGG"|0|0|0|45.14|-93.59|"+6"
4946|"MJQ"|0|0|0|43.39|-94.59|"+6"
4947|"MPZ"|0|0|0|40.47|-91.31|"+6"
4948|"MOX"|0|0|0|45.34|-95.58|"+6"
4949|"MQB"|0|0|0|40.31|-90.39|"+6"
4950|"MUT"|0|0|0|41.22|-91.09|"+6"
4951|"MVE"|0|0|0|44.58|-95.43|"+6"
4952|"MWM"|0|0|0|43.55|-95.07|"+6"
4953|"MXO"|0|0|0|42.13|-91.1|"+6"
4954|"MZH"|0|0|0|46.25|-92.48|"+6"
4955|"OLZ"|0|0|0|42.41|-91.58|"+6"
4956|"ONA"|0|0|0|44.05|-91.43|"+6"
4957|"ONL"|0|0|0|42.28|-98.41|"+6"
4958|"ORB"|0|0|0|48.01|-92.52|"+6"
4959|"ORC"|0|0|0|42.59|-96.04|"+6"
4960|"OVL"|0|0|0|44.47|-95.02|"+6"
4961|"OWA"|0|0|0|44.07|-93.16|"+6"
4962|"OXV"|0|0|0|41.18|-93.07|"+6"
4963|"PDC"|0|0|0|43.01|-91.07|"+6"
4964|"PEA"|0|0|0|41.24|-92.57|"+6"
4965|"PQN"|0|0|0|43.59|-96.18|"+6"
4966|"RDK"|0|0|0|41.01|-95.16|"+6"
4967|"RGK"|0|0|0|44.35|-92.29|"+6"
4968|"RNH"|0|0|0|45.09|-92.32|"+6"
4969|"ROS"|0|0|0|45.42|-92.57|"+6"
4970|"ROX"|0|0|0|48.52|-95.42|"+6"
4971|"RRT"|0|0|0|48.56|-95.21|"+6"
4972|"RZN"|0|0|0|45.49|-92.22|"+6"
4973|"SDA"|0|0|0|40.45|-95.25|"+6"
4974|"SGS"|0|0|0|44.52|-93.02|"+6"
4975|"SHL"|0|0|0|43.13|-95.5|"+6"
4976|"SLB"|0|0|0|42.36|-95.14|"+6"
4977|"TNU"|0|0|0|41.4|-93.01|"+6"
4978|"TOB"|0|0|0|44.01|-92.5|"+6"
4979|"TWM"|0|0|0|47.03|-91.45|"+6"
4980|"ULM"|0|0|0|44.19|-94.3|"+6"
4981|"VTI"|0|0|0|42.13|-92.02|"+6"
4982|"VVV"|0|0|0|45.19|-96.25|"+6"
4983|"VWU"|0|0|0|48.09|-94.31|"+6"
4984|"XVG"|0|0|0|46.59|-94.12|"+6"
4989|"IIB"|0|978|0|42.27|-91.57|"+6"
4992|"MLE"|0|1051|0|41.12|-96.07|"+6"
4993|"AFK"|0|1162|0|40.37|-95.52|"+6"
4995|"W11"|0|895|0|44.53|-91.52|"+6"
4996|"SFY"|0|616|0|42.03|-90.07|"+6"
4997|"HZX"|0|1228|0|46.37|-93.19|"+6"
4998|"HJH"|0|1466|0|40.09|-97.35|"+6"
4999|"1G2"|0|1047|0|44.45|-95.34|"+6"
11624|"STX"|31|55|34|17.42|-64.48|"+4"
11630|"JNR"|32|38|38|18.15|-65.38|"+4"
11640|"STT"|51|11|54|18.2|-64.58|"+4"
11641|"SJU"|7|8|10|18.26|-66|"+4"
11653|"MAZ"|0|28|0|18.16|-67.09|"+4"
11706|"NAW"|56|56|75|19.54|-75.13|"+4"
12803|"BCT"|0|13|0|26.23|-80.07|"+5"
12809|"BOW"|0|125|0|27.56|-81.47|"+5"
12810|"MCF"|0|14|0|27.51|-82.31|"+5"
12812|"PGD"|25|25|28|26.55|-81.59|"+5"
12815|"MCO"|95|106|98|28.26|-81.19|"+5"
12816|"GNV"|149|165|152|29.41|-82.16|"+5"
12818|"BKV"|71|77|74|28.28|-82.27|"+5"
12819|"LEE"|77|77|80|28.49|-81.49|"+5"
12826|"HST"|0|7|0|25.29|-80.23|"+5"
12832|"AAF"|19|19|21|29.44|-85.02|"+5"
12833|"CTY"|41|42|44|29.33|-83.07|"+5"
12834|"DAB"|31|41|34|29.11|-81.04|"+5"
12835|"FMY"|15|18|18|26.35|-81.52|"+5"
12836|"EYW"|18|21|21|24.33|-81.45|"+5"
12838|"MLB"|57|27|60|28.06|-80.39|"+5"
12839|"MIA"|26|30|29|25.49|-80.18|"+5"
12841|"ORL"|123|112|126|28.33|-81.2|"+5"
12842|"TPA"|8|11|40|27.58|-82.32|"+5"
12843|"VRB"|19|28|39|27.4|-80.25|"+5"
12844|"PBI"|16|21|19|26.41|-80.06|"+5"
12849|"FLL"|117|11|120|26.04|-80.09|"+5"
12850|"NQX"|6|24|24|24.35|-81.41|"+5"
12854|"SFB"|49|55|52|28.47|-81.14|"+5"
12861|"OCF"|0|89|0|29.1|-82.13|"+5"
12867|"COF"|0|9|0|28.14|-80.37|"+5"
12871|"SRQ"|59|27|62|27.24|-82.34|"+5"
12873|"PIE"|11|11|14|27.55|-82.41|"+5"
12876|"GIF"|143|146|146|28.04|-81.45|"+5"
12882|"OPF"|52|9|55|25.55|-80.17|"+5"
12883|"LAL"|0|142|0|27.59|-82.01|"+5"
12884|"BVE"|12|1|15|29.2|-89.25|"+6"
12885|"FXE"|9|14|12|26.12|-80.1|"+5"
12886|"TTS"|0|10|0|28.37|-80.41|"+5"
12888|"TMB"|8|10|11|25.39|-80.26|"+5"
12889|"KNAE"|35|35|35|30.23|-81.38|"+5"
12894|"RSW"|29|30|32|26.32|-81.45|"+5"
12895|"FPR"|43|26|46|27.3|-80.23|"+5"
12896|"MTH"|7|7|10|24.44|-81.03|"+5"
12897|"APF"|8|23|21|26.09|-81.47|"+5"
12898|"TIX"|0|34|0|28.31|-80.48|"+5"
12904|"HRL"|34|35|37|26.14|-97.39|"+6"
12907|"LRD"|0|508|0|27.32|-99.28|"+6"
12909|"SKF"|0|691|0|29.23|-98.35|"+6"
12911|"RND"|0|762|0|29.32|-98.17|"+6"
12912|"VCT"|103|117|106|28.52|-96.56|"+6"
12916|"MSY"|4|20|7|29.59|-90.15|"+6"
12917|"BPT"|16|16|19|29.57|-94.01|"+6"
12918|"HOU"|45|47|48|29.39|-95.17|"+6"
12919|"BRO"|21|22|24|25.55|-97.26|"+6"
12921|"SAT"|818|809|821|29.32|-98.28|"+6"
12923|"GLS"|21|9|24|29.16|-94.52|"+6"
12924|"CRP"|0|44|48|27.46|-97.31|"+6"
12926|"NGP"|15|19|19|27.42|-97.17|"+6"
12927|"HUM"|0|10|0|29.34|-90.4|"+6"
12928|"NQI"|50|58|56|27.3|-97.49|"+6"
12932|"ALI"|176|180|179|27.44|-98.02|"+6"
12935|"PSX"|14|15|17|28.44|-96.15|"+6"
12936|"PTN"|0|0|0|29.43|-91.2|"+6"
12947|"COT"|460|479|463|28.28|-99.13|"+6"
12957|"PIL"|16|19|19|26.1|-97.21|"+6"
12958|"NBG"|1|1|6|29.5|-90.02|"+6"
12959|"MFE"|125|112|128|26.11|-98.14|"+6"
12960|"IAH"|118|108|121|29.59|-95.22|"+6"
12961|"ERV"|0|0|0|29.59|-99.05|"+6"
12962|"HDO"|926|930|929|29.22|-99.1|"+6"
12968|"P92"|5|2|8|29.34|-91.32|"+6"
12970|"SSF"|579|577|582|29.2|-98.28|"+6"
12971|"BAZ"|632|645|635|29.43|-98.03|"+6"
12972|"RKP"|21|19|24|28.05|-97.03|"+6"
12974|"KNOG"|257|257|257|27.54|-98.03|"+6"
12975|"LVJ"|40|44|43|29.31|-95.14|"+6"
12976|"LBX"|20|25|23|29.07|-95.28|"+6"
12977|"SGR"|78|82|81|29.37|-95.4|"+6"
12978|"3T5"|0|0|0|29.55|-96.57|"+6"
12979|"HYI"|0|0|0|29.53|-97.52|"+6"
12980|"T65"|0|70|0|26.11|-97.58|"+6"
12981|"BYY"|0|45|0|28.58|-95.52|"+6"
12982|"BKS"|0|112|0|27.13|-98.07|"+6"
12983|"EBG"|0|80|0|26.26|-98.07|"+6"
12984|"RBO"|0|79|0|27.47|-97.41|"+6"
12985|"UVA"|0|942|0|29.13|-99.44|"+6"
12986|"T97"|0|30|0|28.39|-96.41|"+6"
12989|"7R5"|0|3|0|29.47|-93.18|"+6"
12990|"AXO"|0|7|0|29.11|-90.05|"+6"
12991|"GSM"|0|106|0|28.31|-90.58|"+6"
13025|"RTA"|86|86|101|36.38|-0.06303|"+5"
13701|"APG"|0|58|0|39.28|-76.1|"+5"
13702|"LFI"|0|11|0|37.05|-76.22|"+5"
13705|"ADW"|0|280|0|38.49|-76.52|"+5"
13707|"DOV"|0|30|0|39.08|-75.28|"+5"
13713|"GSB"|0|110|0|35.2|-77.58|"+5"
13714|"POB"|0|218|0|35.1|-79.01|"+5"
13717|"MYR"|0|0|0|33.41|-78.56|"+5"
13721|"NHK"|20|40|45|38.17|-76.24|"+5"
13722|"RDU"|427|437|430|35.52|-78.47|"+5"
13723|"GSO"|904|886|907|36.06|-79.56|"+5"
13728|"DAN"|581|590|584|36.34|-79.2|"+5"
13729|"EKN"|1979|1979|1982|38.53|-79.51|"+5"
13730|"FDK"|0|0|0|39.25|-77.22|"+5"
13733|"LYH"|997|938|1000|37.2|-79.13|"+5"
13734|"MRB"|539|534|542|39.24|-77.59|"+5"
13735|"MIV"|75|76|78|39.22|-75.05|"+5"
13736|"MGW"|1242|1253|1245|39.38|-79.55|"+5"
13737|"ORF"|66|30|69|36.54|-76.11|"+5"
13739|"PHL"|59|28|62|39.52|-75.14|"+5"
13740|"RIC"|164|163|167|37.31|-77.19|"+5"
13741|"ROA"|1189|1176|1192|37.19|-79.58|"+5"
13743|"DCA"|10|65|3|38.52|-77.02|"+5"
13744|"FLO"|176|151|179|34.11|-79.44|"+5"
13748|"ILM"|30|38|33|34.16|-77.55|"+5"
13750|"NGU"|15|16|34|36.56|-76.17|"+5"
13752|"NAK"|0|7|0|38.59|-76.29|"+5"
13754|"NKT"|27|29|37|34.54|-76.53|"+5"
13762|"KNFE"|16|16|16|36.42|-76.08|"+5"
13763|"FKN"|0|0|0|36.42|-76.54|"+5"
13764|"GED"|63|51|66|38.41|-75.22|"+5"
13766|"MQI"|0|0|0|35.55|-75.42|"+5"
13769|"NTU"|22|22|30|36.49|-76.02|"+5"
13773|"NYG"|9|12|14|38.3|-77.19|"+5"
13776|"LBT"|123|126|126|34.37|-79.04|"+5"
13781|"ILG"|92|80|95|39.4|-75.36|"+5"
13783|"PGV"|0|0|0|35.38|-77.23|"+5"
13786|"ECG"|38|13|41|36.16|-76.11|"+5"
13802|"BLV"|0|459|0|38.33|-89.5|"+6"
13803|"BAK"|0|656|0|32.17|-85.54|"+5"
13806|"HOP"|0|573|0|36.4|-87.29|"+6"
13807|"FTK"|0|780|0|37.55|-85.58|"+5"
13809|"LWV"|430|430|433|38.46|-87.37|"+6"
13810|"LOU"|539|556|542|38.14|-85.4|"+5"
13812|"LCK"|0|0|0|39.49|-82.56|"+5"
13814|"BYH"|0|251|0|35.58|-89.56|"+6"
13820|"BIX"|0|34|0|30.25|-88.55|"+6"
13821|"MXF"|0|172|0|32.23|-86.22|"+6"
13824|"SVN"|0|42|0|32.01|-81.09|"+5"
13825|"CBM"|0|219|0|33.38|-88.26|"+6"
13827|"MQY"|0|543|0|36.01|-86.31|"+6"
13829|"LSF"|0|232|0|32.2|-84.59|"+5"
13833|"HBG"|144|151|147|31.16|-89.15|"+6"
13837|"DNL"|426|423|429|33.28|-82.02|"+5"
13838|"BFM"|75|26|78|30.38|-88.04|"+6"
13839|"DHN"|370|353|429|31.19|-85.27|"+6"
13840|"FFO"|0|823|0|39.5|-84.03|"+5"
13841|"ILN"|1089|1071|1092|39.25|-83.49|"+5"
13846|"PAM"|0|18|0|30.04|-85.35|"+6"
13849|"SSC"|0|242|0|33.58|-80.28|"+5"
13857|"VAD"|0|235|0|30.58|-83.11|"+5"
13858|"VPS"|0|87|0|30.29|-86.32|"+6"
13860|"WRB"|0|295|0|32.38|-83.35|"+5"
13861|"AYS"|0|142|0|31.15|-82.24|"+5"
13864|"MGE"|0|1068|0|33.55|-85.31|"+5"
13865|"MEI"|289|310|292|32.2|-88.45|"+6"
13866|"CRW"|1023|982|1026|38.23|-81.35|"+5"
13868|"PSK"|0|0|0|37.08|-80.41|"+5"
13869|"ABY"|204|193|207|31.32|-84.11|"+5"
13870|"AMG"|193|206|196|31.32|-82.31|"+5"
13871|"ANB"|600|600|603|33.35|-85.52|"+6"
13873|"AHN"|800|802|803|33.57|-83.2|"+5"
13874|"ATL"|971|1026|974|33.38|-84.26|"+5"
13876|"BHM"|636|630|639|33.34|-86.45|"+6"
13877|"TRI"|1536|1525|1539|36.29|-82.24|"+5"
13878|"SSI"|20|24|23|31.09|-81.23|"+5"
13880|"CHS"|45|48|48|32.54|-80.02|"+5"
13881|"CLT"|721|769|724|35.13|-80.56|"+5"
13882|"CHA"|688|688|691|35.02|-85.12|"+5"
13883|"CAE"|240|225|243|33.56|-81.07|"+5"
13884|"CEW"|182|185|185|30.47|-86.31|"+6"
13886|"GMU"|1034|1048|1037|34.51|-82.21|"+5"
13889|"JAX"|31|32|34|30.29|-81.41|"+5"
13891|"TYS"|979|980|982|35.49|-83.59|"+5"
13893|"MEM"|283|332|286|35.04|-89.59|"+6"
13894|"MOB"|209|221|212|30.41|-88.15|"+6"
13895|"MGM"|227|202|230|32.18|-86.23|"+6"
13896|"MSL"|540|562|543|34.45|-87.37|"+6"
13897|"BNA"|571|605|574|36.07|-86.41|"+6"
13899|"PNS"|124|118|127|30.28|-87.11|"+6"
13902|"LTS"|0|1382|0|34.4|-99.16|"+6"
13904|"AUS"|658|495|661|30.11|-97.41|"+6"
13906|"EFD"|0|32|0|29.37|-95.1|"+6"
13909|"END"|0|1307|0|36.2|-97.55|"+6"
13910|"DYS"|0|1789|0|32.25|-99.51|"+6"
13911|"FWR"|608|650|618|32.46|-97.27|"+6"
13919|"TIK"|0|1291|0|35.25|-97.23|"+6"
13920|"FOE"|1050|1079|1053|38.57|-95.4|"+6"
13925|"SGT"|0|0|0|34.36|-91.34|"+6"
13926|"GVT"|0|535|0|33.04|-96.04|"+6"
13927|"HKS"|309|342|312|32.2|-90.13|"+6"
13930|"SZL"|0|871|0|38.44|-93.33|"+6"
13932|"WLD"|1149|1160|1152|37.1|-97.02|"+6"
13935|"ESF"|94|118|97|31.23|-92.18|"+6"
13939|"GLH"|126|129|150|33.29|-90.59|"+6"
13940|"GBD"|0|0|0|38.2|-98.52|"+6"
13941|"CWF"|0|0|0|30.13|-93.08|"+6"
13942|"MLU"|130|81|133|32.31|-92.02|"+6"
13944|"BAD"|0|166|0|32.3|-93.4|"+6"
13945|"FSI"|0|1188|0|34.39|-98.18|"+6"
13957|"SHV"|271|259|274|32.27|-93.49|"+6"
13958|"ATT"|648|658|651|30.19|-97.46|"+6"
13959|"ACT"|513|508|516|31.37|-97.14|"+6"
13960|"DAL"|509|488|512|32.51|-96.51|"+6"
13961|"FTW"|702|706|705|32.49|-97.22|"+6"
13962|"ABI"|1789|1790|1792|32.25|-99.41|"+6"
13963|"LIT"|289|257|292|34.45|-92.14|"+6"
13964|"FSM"|477|462|480|35.2|-94.22|"+6"
13966|"SPS"|1010|1030|1013|33.59|-98.29|"+6"
13967|"OKC"|1281|1304|1284|35.23|-97.36|"+6"
13968|"TUL"|739|676|742|36.12|-95.53|"+6"
13969|"PNC"|1010|998|1013|36.44|-97.06|"+6"
13970|"BTR"|67|76|70|30.32|-91.09|"+6"
13971|"HRO"|1377|1385|1380|36.16|-93.1|"+6"
13972|"TYR"|528|551|531|32.21|-95.24|"+6"
13973|"JCT"|1704|1749|1707|30.31|-99.46|"+6"
13975|"GAG"|2192|2202|2195|36.18|-99.46|"+6"
13976|"LFT"|38|42|41|30.12|-91.59|"+6"
13977|"TXK"|391|399|394|33.27|-94.01|"+6"
13978|"GWO"|146|133|149|33.3|-90.05|"+6"
13981|"CNU"|975|1011|978|37.4|-95.29|"+6"
13984|"CNK"|1469|1484|1472|39.33|-97.39|"+6"
13985|"DDC"|2587|2592|2590|37.46|-99.58|"+6"
13986|"HUT"|1520|1542|1523|38.04|-97.52|"+6"
13987|"JLN"|982|985|985|37.09|-94.3|"+6"
13988|"MKC"|746|750|749|39.07|-94.35|"+6"
13989|"EMP"|1205|1206|1208|38.2|-96.11|"+6"
13993|"STJ"|825|818|828|39.46|-94.55|"+6"
13994|"STL"|707|710|710|38.45|-90.22|"+6"
13995|"SGF"|1277|1270|1280|37.14|-93.23|"+6"
13996|"TOP"|880|885|883|39.04|-95.38|"+6"
13997|"VIH"|1124|1137|1127|38.08|-91.46|"+6"
14540|"317"|0|0|0|48.33|-53.58|"+5"
14604|"PQI"|0|0|0|46.41|-68.02|"+5"
14605|"AUG"|359|360|362|44.19|-69.48|"+5"
14606|"BGR"|194|192|197|44.49|-68.49|"+5"
14607|"CAR"|627|628|630|46.52|-68.02|"+5"
14609|"HUL"|493|476|496|46.07|-67.47|"+5"
14610|"MLT"|405|402|408|45.39|-68.41|"+5"
14611|"NHZ"|77|75|84|43.54|-69.56|"+5"
14615|"WVL"|0|0|0|44.32|-69.41|"+5"
14616|"BHB"|0|0|0|44.26|-68.22|"+5"
14702|"BED"|166|133|169|42.28|-71.17|"+5"
14703|"CEF"|0|245|0|42.12|-72.32|"+5"
14704|"FMH"|0|132|0|41.4|-70.31|"+5"
14706|"WRI"|0|133|0|40.01|-74.35|"+5"
14707|"GON"|21|10|24|41.2|-72.03|"+5"
14710|"MHT"|266|232|269|42.56|-71.26|"+5"
14711|"MDT"|311|312|314|40.11|-76.46|"+5"
14712|"RDG"|359|353|362|40.22|-75.58|"+5"
14714|"SWF"|0|491|0|41.3|-74.07|"+5"
14715|"GTB"|0|691|0|44.03|-75.43|"+5"
14719|"FOK"|109|67|112|40.5|-72.38|"+5"
14732|"LGA"|36|31|39|40.47|-73.53|"+5"
14733|"BUF"|714|705|717|42.56|-78.44|"+5"
14734|"EWR"|25|30|28|40.43|-74.1|"+5"
14735|"ALB"|278|292|281|42.45|-73.48|"+5"
14736|"AOO"|1492|1469|1495|40.18|-78.19|"+5"
14737|"ABE"|375|385|378|40.39|-75.27|"+5"
14739|"BOS"|19|30|180|42.22|-71.01|"+5"
14740|"BDL"|162|179|165|41.56|-72.41|"+5"
14742|"BTV"|345|340|348|44.28|-73.09|"+5"
14745|"CON"|340|346|343|43.12|-71.3|"+5"
14747|"DKK"|664|693|667|42.29|-79.16|"+5"
14748|"ELM"|990|954|993|42.1|-76.53|"+5"
14750|"GFL"|320|333|340|43.2|-73.37|"+5"
14751|"CXY"|347|347|350|40.13|-76.51|"+5"
14752|"HFD"|15|19|18|41.44|-72.39|"+5"
14753|"MQE"|654|635|657|42.13|-71.07|"+5"
14755|"MWN"|6262|6267|6274|44.16|-71.18|"+5"
14756|"ACK"|54|47|57|41.15|-70.04|"+5"
14757|"POU"|152|162|155|41.38|-73.53|"+5"
14758|"HVN"|3|13|14|41.16|-72.53|"+5"
14762|"AGC"|1278|1273|1281|40.21|-79.55|"+5"
14763|"PSF"|1166|1194|1169|42.26|-73.17|"+5"
14764|"PWM"|69|63|72|43.38|-70.18|"+5"
14765|"PVD"|50|62|53|41.43|-71.26|"+5"
14768|"ROC"|585|555|588|43.07|-77.41|"+5"
14770|"SEG"|441|450|444|40.49|-76.52|"+5"
14771|"SYR"|414|417|417|43.07|-76.06|"+5"
14775|"BAF"|273|271|276|42.1|-72.43|"+5"
14777|"AVP"|955|962|958|41.2|-75.44|"+5"
14778|"IPT"|540|525|543|41.14|-76.55|"+5"
14780|"NEL"|85|103|120|40.02|-74.21|"+5"
14787|"UUU"|167|172|170|41.32|-71.17|"+5"
14792|"TTN"|194|213|197|40.17|-74.49|"+5"
14793|"NXX"|335|362|365|40.12|-75.09|"+5"
14794|"WST"|69|81|72|41.21|-71.48|"+5"
14804|"MTC"|0|580|0|42.37|-82.5|"+5"
14808|"OSC"|0|0|0|44.27|-83.23|"+5"
14813|"AKR"|1094|1095|1097|41.02|-81.28|"+5"
14815|"BTL"|952|939|955|42.19|-85.15|"+5"
14817|"CAD"|0|0|0|44.17|-85.25|"+5"
14819|"MDW"|616|618|619|41.47|-87.45|"+6"
14820|"CLE"|802|805|805|41.24|-81.51|"+5"
14821|"CMH"|846|816|849|39.59|-82.53|"+5"
14822|"DET"|625|626|628|42.25|-83.01|"+5"
14825|"FDY"|797|812|800|41.01|-83.4|"+5"
14826|"FNT"|780|766|783|42.58|-83.45|"+5"
14827|"FWA"|803|828|806|41.01|-85.13|"+5"
14829|"GSH"|827|827|830|41.32|-85.47|"+5"
14833|"JXN"|1017|1020|1020|42.16|-84.28|"+5"
14834|"JOT"|0|0|0|41.31|-88.1|"+6"
14835|"LAF"|596|637|604|40.25|-86.56|"+5"
14836|"LAN"|860|874|882|42.47|-84.35|"+5"
14837|"MSN"|857|866|860|43.08|-89.21|"+6"
14839|"MKE"|677|693|680|42.57|-87.54|"+6"
14840|"MKG"|656|633|659|43.1|-86.14|"+5"
14841|"PLN"|712|715|715|45.34|-84.48|"+5"
14842|"PIA"|713|662|716|40.4|-89.41|"+6"
14845|"MBS"|663|670|666|43.32|-84.05|"+5"
14847|"ANJ"|724|724|727|46.28|-84.22|"+5"
14848|"SBN"|777|773|780|41.43|-86.2|"+6"
14850|"TVC"|626|630|629|44.44|-85.35|"+5"
14852|"YNG"|1190|1186|1193|41.15|-80.4|"+5"
14853|"YIP"|706|716|709|42.14|-83.32|"+5"
14858|"CMX"|1070|1079|1073|47.1|-88.29|"+5"
14860|"ERI"|753|737|756|42.05|-80.11|"+5"
14864|"RQB"|0|0|0|43.43|-85.3|"+6"
14880|"UGN"|732|727|735|42.25|-87.52|"+6"
14891|"MFD"|1297|1312|1300|40.49|-82.31|"+5"
14894|"HLG"|1222|1195|1225|40.11|-80.39|"+5"
14895|"CAK"|1238|1236|1241|40.55|-81.26|"+5"
14897|"AUW"|1189|1196|1192|44.56|-89.38|"+6"
14898|"GRB"|682|702|685|44.31|-88.07|"+6"
14905|"EAR"|0|0|0|40.44|-99.01|"+6"
14910|"AXN"|1421|1431|1424|45.53|-95.23|"+6"
14913|"DLH"|1426|1417|1429|46.5|-92.11|"+6"
14914|"FAR"|908|899|911|46.56|-96.49|"+6"
14916|"GFK"|839|832|842|47.57|-97.11|"+6"
14918|"INL"|1182|1183|1185|48.34|-93.24|"+6"
14919|"JMS"|1493|1494|1496|46.56|-98.41|"+6"
14920|"LSE"|655|656|658|43.53|-91.16|"+6"
14921|"LNR"|713|721|716|43.13|-90.11|"+6"
14922|"MSP"|871|838|874|44.53|-93.14|"+6"
14923|"MLI"|604|594|607|41.28|-90.31|"+6"
14925|"RST"|1323|1320|1326|43.54|-92.29|"+6"
14926|"STC"|1021|1024|1024|45.32|-94.03|"+6"
14927|"STP"|708|711|711|44.56|-93.03|"+6"
14928|"ILL"|0|0|0|45.07|-95.05|"+6"
14929|"ABR"|1303|1300|1306|45.27|-98.25|"+6"
14930|"AIO"|0|0|0|41.25|-95.03|"+6"
14931|"BRL"|693|702|696|40.47|-91.08|"+6"
14933|"DSM"|968|963|971|41.32|-93.4|"+6"
14935|"GRI"|1841|1856|1844|40.58|-98.19|"+6"
14936|"HON"|1281|1289|1284|44.23|-98.14|"+6"
14937|"IOW"|650|668|653|41.38|-91.32|"+6"
14938|"IRK"|961|965|964|40.06|-92.32|"+6"
14939|"LNK"|1201|1189|1204|40.5|-96.46|"+6"
14940|"MCW"|1222|1225|1225|43.1|-93.2|"+6"
14941|"OFK"|1534|1551|1537|41.59|-97.26|"+6"
14942|"OMA"|1025|982|1028|41.19|-95.54|"+6"
14943|"SUX"|1136|1103|1139|42.23|-96.23|"+6"
14944|"FSD"|1425|1427|1428|43.35|-96.45|"+6"
14946|"ATY"|1745|1740|1748|44.56|-97.09|"+6"
14949|"OFF"|0|1048|0|41.07|-95.46|"+6"
14950|"OTM"|841|845|844|41.07|-92.27|"+6"
14954|"MKT"|0|0|0|44.13|-93.55|"+6"
14958|"BJI"|0|0|0|47.31|-94.56|"+6"
14966|"CCY"|0|0|0|43.04|-92.37|"+6"
14972|"SPW"|1323|1338|1326|43.1|-95.12|"+6"
14989|"JYR"|0|0|0|40.54|-97.28|"+6"
14990|"CID"|867|871|870|41.53|-91.43|"+6"
14991|"EAU"|885|895|888|44.52|-91.29|"+6"
14992|"RWF"|1021|1030|1024|44.33|-95.05|"+6"
14994|"LXN"|0|0|0|40.47|-99.47|"+6"
16201|"NKU"|180|171|197|63.59|-22.35|"+9"
21504|"ITO"|44|36|47|19.43|-155.03|"+10"
21510|"KOA"|40|43|93|19.44|-156.03|"+10"
22001|"DLF"|0|1081|0|29.22|-100.47|"+6"
22010|"DRT"|1026|1027|1029|29.22|-100.55|"+6"
22501|"HBK"|12|12|17|22.02|-159.47|"+10"
22516|"OGG"|41|50|44|20.54|-156.26|"+10"
22519|"NGF"|5|18|11|21.27|-157.46|"+10"
22521|"HNL"|15|15|18|21.2|-157.56|"+10"
22524|"LNY"|0|1308|0|20.47|-156.57|"+10"
22534|"MKK"|464|444|467|21.1|-157.06|"+10"
22536|"LIH"|101|148|104|21.59|-159.2|"+10"
22551|"JRF"|51|33|54|21.19|-158.04|"+10"
22552|"JHM"|0|256|0|20.58|-156.4|"+10"
22701|"MDY"|0|13|0|28.12|-177.23|"+10"
23002|"HMN"|0|4093|0|32.51|-106.06|"+7"
23007|"CDS"|1950|1952|1953|34.26|-100.17|"+6"
23008|"CVS"|0|4295|0|34.23|-103.19|"+7"
23009|"ROW"|3649|3669|3652|33.19|-104.32|"+7"
23020|"LBL"|0|2883|0|37.02|-100.58|"+6"
23023|"MAF"|2863|2862|2866|31.56|-102.13|"+6"
23033|"SWW"|0|0|0|32.28|-100.28|"+6"
23034|"SJT"|1891|1892|1894|31.21|-100.29|"+6"
23036|"BKF"|0|5662|0|39.42|-104.45|"+7"
23040|"INK"|2806|2820|2809|31.47|-103.12|"+6"
23042|"LBB"|3256|3241|3259|33.4|-101.49|"+6"
23044|"ELP"|3942|3916|3945|31.49|-106.23|"+7"
23047|"AMA"|3586|3604|3589|35.13|-101.43|"+6"
23048|"TCC"|4053|4039|4056|35.11|-103.36|"+7"
23049|"SAF"|6332|6344|6335|35.37|-106.05|"+7"
23050|"ABQ"|5305|5314|5308|35.02|-106.37|"+7"
23051|"CAO"|4968|4972|4971|36.27|-103.09|"+7"
23052|"RTN"|6359|6349|6362|36.44|-104.3|"+7"
23054|"LVS"|6859|6875|6862|35.39|-105.08|"+7"
23055|"GDP"|5453|5456|5456|31.5|-104.49|"+7"
23061|"ALS"|7533|7541|7536|37.26|-105.52|"+7"
23063|"EGE"|0|6535|0|39.39|-106.55|"+7"
23064|"GCK"|2877|2882|2880|37.56|-100.43|"+6"
23065|"GLD"|3654|3688|3657|39.22|-101.41|"+7"
23066|"GJT"|4823|4839|4826|39.08|-108.32|"+7"
23067|"LHX"|4190|4215|4193|38.03|-103.32|"+7"
23070|"TAD"|5738|5743|5749|37.16|-104.2|"+7"
23077|"CVN"|0|0|0|34.26|-103.04|"+7"
23078|"DMN"|4301|4324|4304|32.16|-107.43|"+7"
23081|"GUP"|6466|6468|6469|35.31|-108.47|"+7"
23090|"FMN"|5528|5502|5531|36.44|-108.14|"+7"
23091|"FST"|3012|3010|3015|30.55|-102.55|"+6"
23094|"HOB"|0|3661|0|32.41|-103.19|"+7"
23097|"PVW"|0|3374|0|34.1|-101.43|"+6"
23104|"IWA"|0|0|0|33.19|-111.4|"+7"
23109|"DMA"|0|2704|0|32.1|-110.53|"+7"
23110|"NLC"|236|234|243|36.2|-119.57|"+8"
23111|"LUF"|0|1085|0|33.32|-112.23|"+7"
23112|"LSV"|0|1868|0|36.14|-115.02|"+8"
23114|"EDW"|0|2302|0|34.55|-117.53|"+8"
23119|"RIV"|0|1535|0|33.53|-117.16|"+8"
23129|"LGB"|34|40|37|33.5|-118.1|"+8"
23130|"VNY"|803|799|806|34.13|-118.29|"+8"
23136|"CMA"|64|65|67|34.13|-119.05|"+8"
23149|"PTV"|0|0|0|36.02|-119.04|"+8"
23152|"BUR"|731|732|734|34.12|-118.22|"+8"
23153|"TPH"|5418|5434|5421|38.04|-117.05|"+8"
23154|"ELY"|6252|6262|6255|39.17|-114.51|"+8"
23155|"BFL"|497|492|512|35.26|-119.04|"+8"
23157|"BIH"|4109|4145|4112|37.22|-118.22|"+8"
23158|"BLH"|391|392|394|33.37|-114.43|"+8"
23159|"BCE"|7585|7589|7588|37.43|-112.09|"+7"
23160|"TUS"|2578|2555|2581|32.08|-110.58|"+7"
23161|"DAG"|1925|1929|1928|34.51|-116.47|"+8"
23169|"LAS"|2127|2180|2091|36.05|-115.1|"+8"
23174|"LAX"|323|326|326|33.56|-118.25|"+8"
23176|"MLF"|5032|5033|5035|38.26|-113.02|"+7"
23179|"EED"|916|914|919|34.46|-114.37|"+8"
23182|"PMD"|2559|2582|2562|34.38|-118.05|"+8"
23183|"PHX"|1103|1107|1106|33.26|-111.59|"+7"
23184|"PRC"|5000|5052|5003|34.39|-112.25|"+7"
23185|"RNO"|4404|4400|4407|39.29|-119.46|"+8"
23186|"SGU"|0|0|0|37.05|-113.35|"+7"
23187|"SDB"|4516|4523|4519|34.44|-118.43|"+8"
23188|"SAN"|78|28|81|32.44|-117.1|"+8"
23190|"SBA"|12|20|15|34.26|-119.5|"+8"
23191|"AVX"|1610|1602|1613|33.25|-118.25|"+8"
23194|"INW"|4889|4883|4892|35.01|-110.43|"+7"
23195|"YUM"|0|216|0|32.4|-114.37|"+7"
23199|"NJK"|-43|-43|-38|32.49|-115.4|"+8"
23202|"SUU"|0|62|0|38.16|-121.56|"+8"
23206|"MHR"|0|0|0|38.33|-121.18|"+8"
23213|"STS"|130|148|133|38.31|-122.49|"+8"
23224|"AUN"|0|1531|0|38.57|-121.05|"+8"
23225|"BLU"|5273|5283|5276|39.17|-120.43|"+8"
23230|"OAK"|85|88|88|37.43|-122.13|"+8"
23232|"SAC"|38|25|41|38.31|-121.29|"+8"
23233|"SNS"|76|77|79|36.4|-121.37|"+8"
23234|"SFO"|86|18|89|37.37|-122.24|"+8"
23237|"SCK"|24|27|27|37.53|-121.14|"+8"
23243|"LPC"|0|0|0|34.4|-120.28|"+8"
23244|"NUQ"|64|34|67|37.25|-122.03|"+8"
23254|"CCR"|37|60|40|37.59|-122.03|"+8"
23257|"MCE"|154|156|157|37.17|-120.31|"+8"
23258|"MOD"|97|97|100|37.38|-120.57|"+8"
23259|"MRY"|216|220|219|36.35|-121.51|"+8"
23273|"SMX"|242|238|245|34.55|-120.28|"+8"
23275|"UKI"|625|626|628|39.08|-123.12|"+8"
23277|"WVI"|143|160|146|36.56|-121.47|"+8"
23285|"LVK"|386|397|389|37.41|-121.49|"+8"
23289|"PAO"|0|4|0|37.28|-122.07|"+8"
23293|"SJC"|87|50|90|37.22|-121.56|"+8"
24006|"RCA"|0|3279|0|44.09|-103.06|"+7"
24011|"BIS"|1651|1660|1654|46.46|-100.45|"+6"
24012|"DIK"|2580|2583|2594|46.48|-102.48|"+7"
24013|"MOT"|1665|1714|1706|48.16|-101.17|"+6"
24015|"AKO"|4661|4621|4664|40.1|-103.14|"+7"
24017|"CDR"|3314|3296|3317|42.5|-103.06|"+7"
24018|"CYS"|6125|6140|6128|41.1|-104.49|"+7"
24021|"LND"|5557|5558|5560|42.49|-108.44|"+7"
24022|"LAR"|7270|7272|7271|41.19|-105.4|"+7"
24023|"LBF"|2778|2787|2781|41.07|-100.4|"+6"
24024|"PHP"|2205|2212|2208|44.03|-101.36|"+7"
24025|"PIR"|1727|1726|1730|44.23|-100.17|"+6"
24027|"RKS"|6742|6745|6763|41.35|-109.04|"+7"
24028|"BFF"|3946|3958|3949|41.52|-103.36|"+7"
24029|"SHR"|3942|3968|3945|44.46|-106.59|"+7"
24030|"SNY"|4287|4306|4290|41.06|-102.59|"+7"
24032|"VTN"|2586|2598|2589|42.52|-100.33|"+6"
24033|"BIL"|3579|3570|3582|45.49|-108.32|"+7"
24036|"LWT"|4143|4146|4146|47.03|-109.28|"+7"
24037|"MLS"|2627|2634|2630|46.26|-105.53|"+7"
24044|"AIA"|3923|3929|3926|42.04|-102.48|"+7"
24045|"COD"|0|0|0|44.37|-108.58|"+7"
24046|"CAG"|6189|6193|6192|40.3|-107.31|"+7"
24048|"GEY"|3907|3933|3910|44.31|-108.05|"+7"
24051|"GXY"|0|0|0|40.26|-104.38|"+7"
24057|"RWL"|6736|6743|6739|41.49|-107.12|"+7"
24061|"RIW"|5570|5525|5573|43.04|-108.28|"+7"
24062|"WRL"|4171|4210|4174|43.58|-107.57|"+7"
24087|"GDV"|0|0|0|47.08|-104.48|"+7"
24089|"CPR"|5348|5290|5351|42.54|-106.28|"+7"
24090|"RAP"|3150|3168|3153|44.03|-103.03|"+7"
24091|"IML"|3269|3273|3272|40.31|-101.37|"+6"
24101|"HIF"|0|4789|0|41.07|-111.58|"+7"
24103|"DPG"|0|4349|0|40.12|-112.56|"+7"
24106|"MUO"|0|2996|0|43.26|-115.52|"+7"
24110|"MWH"|1177|1196|1180|47.13|-119.19|"+8"
24112|"GFA"|0|3472|0|47.3|-111.11|"+7"
24114|"SKA"|0|2461|0|47.37|-117.4|"+8"
24121|"EKO"|5076|5074|5079|40.5|-115.47|"+8"
24126|"OGD"|4438|4439|4441|41.12|-112.01|"+7"
24127|"SLC"|4221|4227|4224|40.47|-111.58|"+7"
24128|"WMC"|4297|4314|4300|40.54|-117.49|"+8"
24130|"BKE"|3361|3373|3363|44.5|-117.49|"+8"
24131|"BOI"|2858|2868|2861|43.34|-116.13|"+7"
24132|"BZN"|4465|4449|4468|45.47|-111.09|"+7"
24133|"BYI"|4148|4157|4151|42.32|-113.46|"+7"
24135|"BTM"|5536|5533|5539|45.58|-112.3|"+7"
24136|"COE"|0|0|0|47.46|-116.49|"+8"
24137|"CTB"|3852|3838|3855|48.37|-112.23|"+7"
24138|"DLN"|5218|5222|5221|45.16|-112.33|"+7"
24141|"EPH"|1250|1259|1259|47.18|-119.31|"+8"
24143|"GTF"|3670|3657|3673|47.28|-111.23|"+7"
24144|"HLN"|3864|3868|3867|46.37|-111.58|"+7"
24145|"IDA"|4765|4744|4768|43.31|-112.04|"+7"
24146|"FCA"|2978|2973|2981|48.18|-114.16|"+7"
24148|"LGD"|0|2717|0|45.17|-118.01|"+8"
24149|"LWS"|1444|1436|1447|46.22|-117.01|"+8"
24150|"LVM"|4652|4618|4655|45.42|-110.27|"+7"
24151|"MLD"|0|4503|0|42.1|-112.18|"+7"
24152|"MEH"|3726|3726|3729|45.31|-118.25|"+8"
24153|"MSO"|3199|3189|3202|46.55|-114.05|"+7"
24154|"MLP"|6071|6074|6074|47.28|-115.38|"+8"
24155|"PDT"|1513|1514|1516|45.42|-118.5|"+8"
24156|"PIH"|4451|4478|4454|42.55|-112.34|"+7"
24157|"GEG"|2381|2365|2384|47.37|-117.32|"+8"
24160|"ALW"|1191|1205|1194|46.05|-118.17|"+8"
24162|"ONO"|2189|2193|2192|44.01|-117.01|"+7"
24163|"PSC"|398|402|401|46.16|-119.07|"+8"
24164|"BPI"|6944|6974|6947|42.35|-110.07|"+7"
24165|"EMM"|0|7285|0|41.49|-110.34|"+7"
24166|"JAC"|0|0|0|43.37|-110.44|"+7"
24172|"LOL"|3900|3904|3903|40.04|-118.34|"+8"
24174|"PVU"|0|0|0|40.13|-111.43|"+7"
24180|"BMC"|0|4226|0|41.33|-112.04|"+7"
24193|"ENV"|0|0|0|40.43|-114.02|"+7"
24196|"SMN"|0|0|0|45.07|-113.53|"+7"
24198|"WEY"|0|6663|0|44.39|-111.06|"+7"
24201|"GRF"|-8|302|0|47.05|-122.35|"+8"
24202|"CVO"|0|246|0|44.3|-123|"+8"
24207|"TCM"|0|323|0|47.08|-122.29|"+8"
24215|"MHS"|3537|3535|3540|41.2|-122.2|"+8"
24216|"RBL"|341|353|344|40.09|-122.15|"+8"
24217|"BLI"|165|151|168|48.47|-122.32|"+8"
24219|"DLS"|233|210|236|45.37|-121.1|"+8"
24220|"ELN"|1704|1765|1707|47.02|-120.32|"+8"
24221|"EUG"|360|373|363|44.08|-123.13|"+8"
24222|"PAE"|592|606|595|47.55|-122.17|"+8"
24223|"KLS"|0|0|0|46.07|-122.54|"+8"
24225|"MFR"|1301|1329|1304|42.23|-122.52|"+8"
24227|"OLM"|200|200|203|46.58|-122.54|"+8"
24229|"PDX"|220|107|223|45.35|-122.36|"+8"
24230|"RDM"|3069|3084|3072|44.15|-121.09|"+8"
24231|"RBG"|506|509|509|43.14|-123.21|"+8"
24232|"SLE"|195|201|198|44.55|-123|"+8"
24233|"SEA"|447|450|450|47.28|-122.19|"+8"
24234|"BFI"|15|30|18|47.32|-122.18|"+8"
24235|"SXT"|3829|3841|3832|42.37|-123.23|"+8"
24237|"SMP"|3961|3967|3964|47.17|-121.2|"+8"
24241|"TDO"|351|379|356|46.29|-122.49|"+8"
24242|"TTD"|48|29|51|45.33|-122.24|"+8"
24243|"YKM"|1072|1066|1075|46.34|-120.32|"+8"
24255|"NUW"|10|47|34|48.21|-122.39|"+8"
24257|"RDD"|510|502|513|40.31|-122.19|"+8"
24259|"SIY"|2643|2641|2646|41.47|-122.28|"+8"
24267|"BOK"|0|0|0|42.04|-124.17|"+8"
24283|"ACV"|222|210|225|40.59|-124.07|"+8"
24284|"OTH"|6|17|1682|43.25|-124.15|"+8"
24285|"ONP"|0|0|0|44.35|-124.04|"+8"
24286|"CEC"|55|55|58|41.47|-124.14|"+8"
25308|"ANN"|111|110|114|55.02|-131.34|"+9"
25309|"JNU"|37|24|40|58.21|-134.34|"+9"
25322|"GST"|0|30|0|58.25|-135.43|"+9"
25323|"HNS"|23|16|26|59.14|-135.31|"+9"
25325|"KTN"|85|96|85|55.22|-131.43|"+9"
25329|"PSG"|0|107|0|56.48|-132.56|"+9"
25331|"PAQ"|230|232|233|61.36|-149.05|"+9"
25333|"SIT"|47|67|50|57.03|-135.22|"+9"
25335|"SGY"|29|44|32|59.28|-135.19|"+9"
25338|"WRG"|0|44|0|56.29|-132.22|"+9"
25339|"YAK"|40|31|43|59.31|-139.38|"+9"
25348|"AHP"|0|0|0|56.15|-134.39|"+9"
25357|"ELV"|0|0|0|58.12|-136.21|"+9"
25367|"9Z1"|59|50|62|55.35|-133.04|"+9"
25369|"AFE"|0|0|0|56.58|-133.54|"+9"
25376|"HYG"|0|0|0|55.13|-132.5|"+9"
25377|"MTM"|0|0|0|55.08|-131.35|"+9"
25378|"HNH"|0|0|0|58.07|-135.27|"+9"
25402|"MDO"|0|46|0|59.26|-146.2|"+9"
25501|"ADQ"|106|111|109|57.45|-152.29|"+9"
25503|"AKN"|33|49|36|58.41|-156.39|"+9"
25506|"ILI"|172|160|175|59.45|-154.55|"+9"
25507|"HOM"|75|73|78|59.39|-151.29|"+9"
25508|"PTH"|0|95|0|56.58|-158.38|"+9"
25513|"DLG"|0|95|0|58.59|-158.33|"+9"
25516|"SOV"|31|29|34|59.26|-151.42|"+9"
25518|"AJC"|0|16|0|56.19|-158.22|"+9"
25519|"EII"|0|92|0|58.11|-157.23|"+9"
25616|"DUT"|0|13|0|53.54|-166.32|"+9"
25617|"SDP"|0|21|0|55.19|-160.32|"+9"
25623|"EHM"|0|541|0|58.39|-162.04|"+9"
25624|"CDB"|95|103|98|55.13|-162.43|"+9"
25628|"A8L"|124|125|127|56.36|-169.34|"+9"
25629|"TOG"|0|0|0|59.04|-160.22|"+9"
25704|"ADK"|17|19|18|51.53|-176.39|"+9"
25713|"SNP"|24|28|27|57.1|-170.13|"+9"
25715|"AKA"|0|0|0|52.13|-174.12|"+9"
26401|"EDF"|0|213|0|61.15|-149.47|"+9"
26407|"EIL"|0|548|0|64.4|-147.06|"+9"
26409|"MRI"|131|137|134|61.13|-149.51|"+9"
26410|"CDV"|49|48|52|60.29|-145.27|"+9"
26411|"FAI"|461|454|464|64.49|-147.51|"+9"
26412|"ORT"|1711|1721|1714|62.58|-141.56|"+9"
26413|"FYU"|436|454|452|64.49|-147.52|"+9"
26414|"UMM"|0|0|0|63.2|-149.08|"+9"
26415|"BIG"|1306|1274|1309|63.59|-145.43|"+9"
26418|"CEM"|0|0|0|65.34|-144.47|"+9"
26422|"EAA"|899|898|902|64.47|-141.09|"+9"
26425|"GKN"|1574|1579|1577|62.1|-145.28|"+9"
26435|"ENN"|357|362|360|64.33|-149.04|"+9"
26438|"SWD"|22|22|25|60.08|-149.25|"+9"
26439|"SMU"|0|2740|0|61.49|-147.31|"+9"
26442|"VWS"|37|37|52|61.08|-146.21|"+9"
26444|"IEM"|0|30|0|60.47|-148.43|"+9"
26445|"IYS"|0|354|0|61.34|-149.32|"+9"
26451|"ANC"|130|132|133|61.1|-149.59|"+9"
26465|"GBH"|0|2665|0|68.29|-149.29|"+9"
26479|"VDZ"|0|118|0|61.08|-146.15|"+9"
26484|"PXK"|0|2653|0|63.02|-145.3|"+9"
26486|"DDT"|0|2420|0|62.44|-143.55|"+9"
26491|"LHD"|93|132|96|61.11|-149.58|"+9"
26492|"POR"|106|103|109|60.47|-148.5|"+9"
26497|"BCV"|0|96|0|61.25|-149.31|"+9"
26498|"FBK"|0|454|0|64.5|-147.37|"+9"
26499|"HRR"|0|1294|0|63.52|-148.58|"+9"
26501|"GAL"|0|151|0|64.44|-156.47|"+9"
26502|"KAL"|203|200|206|64.2|-158.44|"+9"
26510|"MCG"|336|338|339|62.57|-155.36|"+9"
26512|"MHM"|0|702|0|63.53|-152.19|"+9"
26514|"SKW"|0|148|0|61.58|-151.11|"+9"
26516|"ANI"|0|0|0|61.35|-159.33|"+9"
26523|"ENA"|90|92|93|60.35|-151.14|"+9"
26524|"MLY"|0|269|0|65|-150.38|"+9"
26526|"PTI"|0|1837|0|62.04|-152.44|"+9"
26528|"TKA"|351|356|354|62.19|-150.05|"+9"
26529|"TAL"|236|220|239|65.11|-152.07|"+9"
26533|"BTT"|649|643|652|66.55|-151.31|"+9"
26534|"SVW"|0|0|0|61.06|-155.35|"+9"
26535|"UTO"|0|0|0|66|-153.42|"+9"
26536|"TLJ"|0|0|0|62.54|-155.59|"+9"
26542|"AKP"|0|2103|0|68.08|-151.44|"+9"
26546|"TPO"|0|280|0|60.12|-154.19|"+9"
26547|"HZZ"|0|1001|0|61.59|-152.05|"+9"
26551|"AFM"|0|0|0|67.06|-157.51|"+9"
26552|"HLA"|0|0|0|65.42|-156.23|"+9"
26553|"SLQ"|0|0|0|61.43|-157.09|"+9"
26554|"ERW"|0|1170|0|61.27|-153.48|"+9"
26555|"FKK"|0|1052|0|62.32|-153.37|"+9"
26556|"AK51"|0|280|0|60.12|-154.19|"+9"
26557|"LVR"|0|39|0|60.49|-152.18|"+9"
26558|"WLK"|0|25|0|66.36|-159.59|"+9"
26559|"SXQ"|0|113|0|60.29|-151.02|"+9"
26560|"UUO"|0|221|0|61.45|-150.03|"+9"
26601|"PHO"|0|0|0|68.21|-166.48|"+9"
26602|"KKA"|0|142|0|64.56|-161.1|"+9"
26615|"BET"|142|150|145|60.47|-161.5|"+9"
26616|"OTZ"|16|16|19|66.53|-162.36|"+9"
26617|"OME"|15|22|18|64.31|-165.26|"+9"
26622|"MYU"|0|48|0|60.22|-166.16|"+9"
26625|"SHH"|0|0|0|66.15|-166.03|"+9"
26627|"UNK"|15|21|20|63.53|-160.48|"+9"
26628|"GLV"|0|0|0|64.33|-163.02|"+9"
26631|"LUR"|0|0|0|68.53|-166.07|"+9"
26634|"TNC"|0|0|0|65.38|-167.55|"+9"
26642|"KVL"|12|10|17|67.44|-164.33|"+9"
26643|"0Z0"|14|15|17|66.04|-162.46|"+9"
26644|"ANV"|0|0|0|62.39|-160.11|"+9"
26645|"BVK"|0|0|0|65.59|-161.08|"+9"
26646|"CZF"|0|0|0|61.47|-166.02|"+9"
26647|"KSM"|0|0|0|62.04|-163.18|"+9"
26648|"WTK"|0|88|0|67.34|-162.59|"+9"
26649|"AED"|0|974|0|68.02|-162.54|"+9"
26650|"ENM"|0|14|0|62.47|-164.29|"+9"
26651|"HPB"|0|18|0|61.31|-166.09|"+9"
26703|"GAM"|0|0|0|63.47|-171.44|"+9"
26704|"SVA"|0|53|0|63.41|-170.29|"+9"
27401|"BTI"|0|5|0|70.08|-143.35|"+9"
27406|"SCC"|66|60|69|70.11|-148.29|"+9"
27408|"UBW"|0|67|0|70.2|-149.36|"+9"
27502|"BRW"|35|13|38|71.17|-156.46|"+9"
27503|"AWI"|30|30|31|70.38|-159.59|"+9"
27515|"AQT"|57|57|60|70.13|-151|"+9"
33126|"NSY"|77|77|82|37.24|0.14901|"+5"
33209|"QNC"|485|480|492|35.32|0.24103|"+5"
34113|"QNN"|289|289|289|40.53|0.143|"+5"
40308|"PTYA"|44|56|47|9.29|138.05|"Yukon Standard"
40309|"PTKR"|94|109|98|7.2|134.29|"-10"
40504|"PTTP"|123|151|126|6.58|158.13|"Bering Standard"
40505|"PTKK"|5|8|8|7.27|151.5|"+8"
40604|"PKWA"|8|26|11|8.44|167.44|"-10"
40710|"PKMR"|10|10|8|7.05|171.23|"-10"
41414|"UAM"|0|612|0|13.35|144.57|"Alaska-Hawaii"
41415|"GUM"|247|250|250|13.29|144.48|"-10"
41419|"GRO"|0|607|0|14.1|145.14|"+8"
41420|"TNI"|0|271|0|15|145.37|"Alaska-Hawaii"
41606|"PWAK"|11|12|16|19.17|166.39|"Yukon Standard"
41818|"SPN"|209|210|212|15.07|145.44|"Alaska-Hawaii"
42215|"NFO"|249|246|277|26.16|127.45|"Yukon Standard"
43323|"NDT"|170|10|176|35.17|139.4|"Yukon Standard"
43324|"NEU"|5|8|12|34.09|132.14|"Yukon Standard"
45715|"SYA"|0|97|0|52.43|174.07|"+9"
46401|"WCR"|0|1920|0|67.3|-148.29|"+9"
46402|"IBN"|0|2880|0|62.24|-143|"+9"
46403|"INR"|0|1720|0|63.44|-148.55|"+5"
46404|"15Z"|0|1531|0|61.26|-142.54|"+9"
46405|"ARC"|0|2992|0|68.07|-145.35|"+9"
46407|"AZK"|0|3289|0|61.56|-147.1|"+9"
53119|"HJO"|243|242|246|36.19|-119.38|"+8"
53120|"RNM"|1401|1393|1404|33.02|-116.55|"+7"
53121|"OKB"|25|28|28|33.13|-117.21|"+8"
53123|"VGT"|2224|2205|2227|36.13|-115.12|"+8"
53126|"GEU"|0|0|0|33.32|-112.18|"+7"
53127|"HND"|0|0|0|35.59|-115.08|"+8"
53128|"CHD"|0|0|0|33.16|-111.49|"+7"
53129|"AZC"|0|4874|0|36.58|-113.01|"+7"
53130|"WHP"|0|1003|0|34.16|-118.25|"+8"
53135|"IFP"|0|695|0|35.1|-114.34|"+8"
53141|"SLI"|0|35|0|33.47|-118.03|"+8"
53142|"GYR"|0|968|0|33.25|-112.23|"+7"
53143|"SEE"|0|387|0|32.5|-116.58|"+8"
53801|"LWB"|0|2302|0|37.52|-80.24|"+5"
53802|"MTO"|702|721|705|39.29|-88.17|"+6"
53803|"OWB"|0|406|0|37.44|-87.1|"+6"
53808|"PIB"|0|298|0|31.28|-89.2|"+6"
53817|"MGR"|0|294|0|31.05|-83.48|"+5"
53818|"VJI"|0|0|0|36.41|-82.02|"+5"
53819|"FFC"|834|798|837|33.22|-84.34|"+5"
53820|"GZH"|255|258|258|31.25|-87.02|"+6"
53822|"OLY"|0|0|0|38.43|-88.11|"+6"
53838|"GVL"|1266|1275|1269|34.16|-83.5|"+5"
53841|"FFT"|775|804|778|38.11|-84.54|"+5"
53842|"EYE"|813|823|816|39.5|-86.18|"+5"
53843|"79J"|0|310|0|31.19|-86.23|"+6"
53844|"LHQ"|852|869|855|39.46|-82.4|"+5"
53846|"KNBQ"|50|50|50|30.48|-81.3|"+5"
53847|"KNDZ"|178|178|178|30.42|-87.01|"+6"
53849|"KNJW"|540|540|540|32.48|-88.5|"+6"
53850|"CEU"|881|891|884|34.4|-82.53|"+5"
53852|"DCU"|579|592|582|34.39|-86.57|"+6"
53853|"DTS"|18|22|21|30.24|-86.28|"+5"
53854|"OGB"|194|197|197|33.28|-80.52|"+5"
53855|"HAO"|617|634|620|39.22|-84.31|"+5"
53858|"PQL"|19|12|22|30.28|-88.32|"+6"
53859|"MGY"|948|962|951|39.35|-84.14|"+5"
53860|"CRG"|44|41|47|30.2|-81.31|"+5"
53862|"40J"|43|45|46|30.04|-83.34|"+5"
53863|"PDK"|991|992|994|33.53|-84.18|"+5"
53864|"EET"|569|584|572|33.11|-86.47|"+6"
53865|"ASD"|29|27|32|30.2|-89.49|"+6"
53866|"GEZ"|810|804|813|39.35|-85.48|"+6"
53867|"CUB"|274|277|277|33.58|-81|"+5"
53868|"OQT"|913|910|916|36.01|-84.14|"+5"
53869|"HKA"|256|255|259|35.56|-89.5|"+6"
53870|"AKH"|798|797|801|35.12|-81.1|"+5"
53871|"UZA"|662|669|665|34.59|-81.04|"+5"
53872|"EQY"|689|672|692|35.01|-80.37|"+5"
53873|"VPC"|740|763|743|34.07|-84.51|"+5"
53874|"GRD"|609|631|612|34.15|-82.1|"+5"
53879|"LXT"|997|1004|986|38.58|-94.22|"+6"
53881|"BCB"|0|0|0|37.13|-80.25|"+5"
53882|"BGE"|0|0|0|30.59|-84.38|"+5"
53883|"BQK"|0|0|0|31.16|-81.28|"+5"
53884|"CCO"|0|0|0|33.19|-84.46|"+5"
53885|"DNN"|0|0|0|34.43|-84.52|"+5"
53886|"EHR"|0|0|0|37.49|-87.41|"+6"
53887|"ENL"|0|0|0|38.31|-89.05|"+6"
53888|"EXX"|0|0|0|35.47|-80.18|"+5"
53889|"FOA"|0|0|0|38.4|-88.27|"+6"
53890|"FQD"|0|0|0|35.26|-81.56|"+5"
53891|"FWC"|0|0|0|38.23|-88.25|"+6"
53892|"GEV"|0|0|0|36.26|-81.25|"+5"
53893|"GTR"|0|0|0|33.27|-88.35|"+6"
53894|"HEG"|0|0|0|30.17|-81.49|"+5"
53895|"HLX"|0|0|0|36.46|-80.49|"+5"
53896|"HNB"|0|0|0|38.15|-86.57|"+5"
53897|"HSB"|0|0|0|37.49|-88.33|"+6"
53898|"IIY"|0|0|0|33.47|-82.49|"+5"
53899|"IPJ"|0|0|0|35.29|-81.1|"+5"
53901|"UNO"|1222|1228|1225|36.53|-91.54|"+6"
53902|"CXO"|246|247|249|30.21|-95.25|"+6"
53903|"UTS"|342|366|345|30.45|-95.35|"+6"
53904|"SET"|439|438|442|38.56|-90.26|"+6"
53905|"DTN"|175|179|178|32.32|-93.44|"+6"
53907|"GKY"|608|630|611|32.4|-97.05|"+6"
53908|"RVS"|656|625|659|36.02|-95.59|"+6"
53909|"AFW"|694|722|697|32.58|-97.19|"+6"
53910|"DWH"|152|152|155|30.04|-95.33|"+6"
53911|"TRL"|474|475|477|32.43|-96.16|"+6"
53912|"CRS"|437|446|440|32.02|-96.24|"+6"
53913|"GOK"|1062|1068|1065|35.51|-97.25|"+6"
53914|"TKI"|587|585|590|33.11|-96.35|"+6"
53915|"ARA"|50|24|53|30.02|-91.53|"+6"
53916|"CDJ"|772|769|775|39.49|-93.35|"+6"
53917|"NEW"|9|9|12|30.02|-90.02|"+6"
53918|"BPK"|912|928|915|36.22|-92.28|"+6"
53919|"LLQ"|274|270|277|33.38|-91.45|"+6"
53920|"RUE"|379|403|382|35.16|-93.05|"+6"
53921|"MWT"|703|702|706|34.33|-93.35|"+6"
53922|"XNA"|1269|1319|1272|36.17|-94.19|"+6"
53925|"DEQ"|346|355|351|34.03|-94.24|"+6"
53928|"11R"|0|0|0|30.13|-96.22|"+6"
53929|"1F0"|0|0|0|34.09|-97.07|"+6"
53930|"ADH"|0|0|0|34.48|-96.4|"+6"
53931|"AIZ"|0|0|0|38.06|-92.33|"+6"
53932|"AQR"|0|0|0|34.24|-96.09|"+6"
53933|"AVK"|0|0|0|36.46|-98.4|"+6"
53934|"BVX"|0|0|0|35.44|-91.39|"+6"
53935|"CHK"|0|0|0|35.06|-97.58|"+6"
53936|"CQB"|0|0|0|35.43|-96.49|"+6"
53937|"DUA"|0|0|0|33.56|-96.23|"+6"
53938|"DUC"|0|0|0|34.28|-97.58|"+6"
53939|"EWK"|0|0|0|38.04|-97.16|"+6"
53940|"GCM"|0|0|0|36.17|-95.29|"+6"
53941|"GMJ"|0|0|0|36.37|-94.44|"+6"
53942|"GTU"|0|0|0|30.41|-97.41|"+6"
53943|"IER"|0|0|0|31.44|-93.06|"+6"
53944|"IJX"|0|0|0|39.47|-90.14|"+6"
53945|"JAS"|0|0|0|30.53|-94.02|"+6"
53946|"JSV"|0|0|0|35.26|-94.48|"+6"
53947|"JWG"|0|0|0|35.52|-98.25|"+6"
53948|"OCH"|0|0|0|31.35|-94.43|"+6"
53949|"OKM"|0|0|0|34.4|-95.57|"+6"
53950|"PPQ"|0|0|0|39.38|-90.47|"+6"
53951|"PVJ"|0|0|0|34.43|-97.13|"+6"
53952|"PWG"|0|0|0|31.29|-97.19|"+6"
53953|"RKR"|0|0|0|35.01|-94.37|"+6"
53954|"ROG"|0|0|0|36.22|-94.07|"+6"
53955|"SLG"|0|0|0|36.11|-94.29|"+6"
53956|"TQH"|0|0|0|35.56|-95|"+6"
53957|"WWR"|0|0|0|36.26|-99.31|"+6"
53958|"RSN"|0|311|0|32.31|-92.35|"+6"
53959|"AWM"|199|214|214|35.08|-90.14|"+6"
53962|"OSA"|0|363|0|33.06|-94.58|"+6"
53963|"LBR"|0|440|0|33.35|-95.04|"+6"
53964|"LUD"|0|1047|0|33.15|-97.35|"+6"
53965|"RPH"|0|1123|0|33.07|-98.34|"+6"
53966|"JWY"|0|713|0|32.28|-96.55|"+6"
53967|"GYI"|0|749|0|33.43|-96.4|"+6"
53969|"F05"|0|1265|0|34.14|-99.17|"+6"
53970|"HQZ"|0|447|0|32.45|-96.32|"+6"
53971|"JSO"|0|677|0|31.52|-95.13|"+6"
53972|"INJ"|0|685|0|32.05|-97.06|"+6"
53973|"LHB"|0|285|0|30.52|-96.37|"+6"
53975|"LNC"|0|501|0|32.21|-96.26|"+6"
53976|"1F9"|0|852|0|33.11|-97.5|"+6"
53977|"GDJ"|0|778|0|32.26|-97.29|"+6"
53978|"3T1"|0|434|0|32.44|-95.3|"+6"
53979|"62H"|0|485|0|30.1|-96.59|"+6"
53981|"F18"|0|854|0|32.21|-97.26|"+6"
53982|"4F4"|0|415|0|32.42|-94.57|"+6"
53983|"6R9"|0|1102|0|30.46|-98.4|"+6"
53985|"SRC"|0|264|0|35.13|-91.44|"+6"
53986|"WDG"|0|1167|0|36.23|-97.47|"+6"
54704|"OWD"|64|50|67|42.11|-71.1|"+5"
54723|"MUI"|0|489|0|40.26|-76.34|"+5"
54728|"HIE"|1044|1074|1047|44.22|-71.32|"+5"
54733|"BVY"|113|108|116|42.35|-70.55|"+5"
54734|"DXR"|455|457|458|41.22|-73.29|"+5"
54735|"LBE"|0|0|0|40.17|-79.24|"+5"
54736|"LCI"|0|0|0|43.34|-71.25|"+5"
54737|"LNS"|412|403|415|40.07|-76.17|"+5"
54738|"MMU"|0|187|0|40.48|-74.25|"+5"
54739|"UNV"|0|0|0|40.51|-77.51|"+5"
54740|"VSF"|576|577|579|43.2|-72.31|"+5"
54742|"1V4"|691|697|694|44.25|-72.01|"+5"
54743|"CDW"|210|175|213|40.53|-74.17|"+5"
54746|"MSV"|0|0|0|41.42|-74.48|"+5"
54754|"ASH"|0|200|0|42.47|-71.31|"+5"
54756|"ORE"|538|555|541|42.34|-72.17|"+5"
54757|"ELZ"|2119|2113|2122|42.07|-77.59|"+5"
54760|"BLM"|0|0|0|40.11|-74.07|"+5"
54767|"IJD"|247|247|250|41.44|-72.11|"+5"
54768|"AQW"|646|654|649|42.42|-73.1|"+5"
54769|"PYM"|142|149|145|41.55|-70.44|"+5"
54770|"AFN"|1018|1040|1021|42.49|-72|"+5"
54771|"MVL"|732|732|735|44.32|-72.37|"+5"
54772|"IZG"|444|452|447|43.59|-70.57|"+5"
54773|"FZY"|454|475|457|43.21|-76.23|"+5"
54777|"TAN"|24|43|27|41.53|-71.01|"+5"
54778|"PEO"|840|903|843|42.38|-77.04|"+5"
54779|"12N"|582|583|585|41.01|-74.44|"+5"
54780|"MTP"|10|7|13|41.04|-71.55|"+5"
54781|"DDH"|800|828|803|42.53|-73.15|"+5"
54782|"PTW"|301|309|304|40.14|-75.34|"+5"
54785|"SMQ"|99|100|102|40.37|-74.4|"+5"
54786|"DYL"|384|385|387|40.2|-75.07|"+5"
54787|"FRG"|71|81|74|40.44|-73.25|"+5"
54788|"MMK"|94|105|97|41.31|-72.5|"+5"
54789|"MPO"|1894|1894|1897|41.08|-75.23|"+5"
54790|"HWV"|68|82|71|40.49|-72.52|"+5"
54791|"DAW"|327|340|330|43.17|-70.55|"+5"
54792|"FIG"|1516|1516|1519|41.02|-78.25|"+5"
54793|"FWN"|418|421|421|41.12|-74.37|"+5"
54807|"OKK"|0|830|0|40.31|-86.04|"+5"
54809|"ASW"|0|850|0|41.16|-85.5|"+5"
54813|"P53"|607|612|612|46.25|-86.39|"+5"
54816|"AMN"|0|754|0|43.19|-84.41|"+5"
54817|"BAX"|0|766|0|43.47|-82.59|"+5"
54818|"FKS"|0|632|0|44.38|-86.12|"+5"
54819|"ONZ"|0|591|0|42.06|-83.1|"+5"
54820|"MCD"|0|740|0|45.52|-84.38|"+5"
54821|"RMY"|0|941|0|42.15|-84.58|"+5"
54822|"TEW"|0|919|0|42.34|-84.26|"+5"
54823|"TTF"|0|616|0|41.56|-83.26|"+5"
54824|"RNP"|0|736|0|42.59|-84.08|"+5"
54825|"PZQ"|0|670|0|45.25|-83.49|"+5"
54826|"LWA"|0|666|0|42.21|-86.16|"+5"
54827|"IRS"|0|925|0|41.49|-85.26|"+5"
54831|"BMI"|0|871|0|40.29|-88.55|"+6"
54832|"CLI"|0|88|0|44.37|-88.44|"+6"
54833|"DLL"|0|976|0|43.31|-89.46|"+6"
54834|"RYV"|0|833|0|43.1|-88.43|"+6"
54838|"EGV"|0|1642|0|45.56|-89.16|"+6"
54901|"8Y2"|0|967|0|45.1|-93.51|"+6"
54904|"BBB"|0|1039|0|45.2|-95.39|"+6"
54905|"CQM"|0|1327|0|47.49|-92.41|"+6"
54906|"JYG"|0|1067|0|43.59|-94.34|"+6"
54907|"MRJ"|0|1171|0|42.53|-90.14|"+6"
54908|"SUW"|0|674|0|46.41|-92.05|"+6"
54909|"RPD"|0|1105|0|45.25|-91.46|"+6"
54910|"SAZ"|0|1287|0|46.23|-94.49|"+6"
54911|"MDZ"|0|1470|0|45.06|-90.18|"+6"
54912|"OEO"|0|903|0|45.19|-92.41|"+6"
54913|"PBH"|0|1497|0|45.43|-90.24|"+6"
54914|"PNM"|0|979|0|45.34|-93.37|"+6"
54915|"PWC"|0|1295|0|46.44|-94.23|"+6"
54916|"ACQ"|0|1126|0|44.04|-93.33|"+6"
54917|"AQP"|0|1020|0|45.14|-96.01|"+6"
61705|"NSTU"|12|10|15|14.2|-170.43|"+10"
63801|"JQF"|0|0|0|35.23|-80.29|"+5"
63802|"LNP"|0|0|0|36.59|-82.32|"+5"
63803|"LZU"|0|0|0|33.59|-83.58|"+5"
63804|"MDQ"|0|0|0|34.52|-86.34|"+6"
63805|"MKJ"|0|0|0|36.53|-81.21|"+5"
63806|"MTV"|0|0|0|36.38|-80.01|"+5"
63807|"MWK"|0|0|0|36.28|-80.33|"+5"
63808|"OLV"|0|0|0|34.59|-89.47|"+6"
63809|"OPN"|0|0|0|35.58|-84.16|"+5"
63810|"PRG"|0|0|0|39.42|-87.4|"+5"
63811|"RHP"|0|1697|0|35.12|-83.52|"+5"
63812|"RUQ"|0|0|0|35.39|-80.31|"+5"
63813|"RYY"|0|0|0|34.01|-84.36|"+5"
63814|"SAR"|0|0|0|38.09|-89.42|"+6"
63815|"SME"|0|0|0|37.03|-84.37|"+5"
63816|"SVH"|0|0|0|35.46|-80.58|"+5"
63817|"TAZ"|0|0|0|39.32|-89.2|"+6"
63818|"TBR"|0|0|0|32.29|-81.44|"+5"
63819|"TNB"|0|0|0|36.12|-81.39|"+5"
63820|"UCY"|0|0|0|36.23|-88.59|"+6"
63821|"UKF"|0|0|0|36.13|-81.06|"+5"
63822|"VDI"|0|0|0|32.11|-82.22|"+5"
63823|"VQQ"|0|0|0|30.13|-81.53|"+5"
63824|"VUJ"|0|0|0|35.25|-80.09|"+5"
63825|"TZR"|0|0|0|39.54|-83.08|"+5"
63827|"6V3"|0|2652|0|37.04|-81.47|"+5"
63832|"W22"|0|1635|0|39|-80.16|"+5"
63833|"ALX"|0|686|0|32.55|-85.58|"+5"
63834|"27A"|0|603|0|34.06|-82.49|"+5"
63835|"11J"|0|214|0|31.24|-84.54|"+5"
63836|"HQU"|0|498|0|33.32|-82.31|"+5"
63839|"3A1"|0|963|0|34.16|-86|"+6"
63840|"CUL"|0|388|0|38.05|-88.07|"+6"
63841|"RSV"|0|462|0|39.01|-87.39|"+6"
63842|"DQH"|0|257|0|31.29|-82.52|"+5"
63843|"EHO"|847|0|0|35.16|-81.36|"+5"
63844|"1A5"|0|2020|0|35.13|-83.25|"+5"
63846|"JYL"|0|188|0|32.39|-81.36|"+5"
63847|"4A9"|0|877|0|34.29|-85.43|"+5"
63848|"47A"|0|1219|0|34.19|-84.25|"+5"
63851|"M30"|0|384|0|37.11|-88.45|"+6"
63852|"HSA"|0|23|0|30.22|-89.27|"+6"
63853|"AJG"|0|429|0|38.37|-87.44|"+6"
63859|"MRN"|0|1270|0|35.49|-81.37|"+5"
64705|"BTP"|0|0|0|40.47|-79.57|"+5"
64706|"IDI"|0|0|0|40.38|-79.07|"+5"
64707|"OXC"|0|0|0|41.29|-73.08|"+5"
64708|"PVC"|0|0|0|42.04|-70.13|"+5"
64709|"SFM"|0|0|0|43.23|-70.43|"+5"
64710|"SFZ"|0|0|0|41.55|-71.29|"+5"
64752|"LOM"|0|302|0|40.08|-75.16|"+5"
64753|"UKT"|0|526|0|40.26|-75.23|"+5"
64761|"HTO"|0|56|0|40.58|-72.15|"+5"
70701|"NKW"|8|9|13|7.18|0.724|"Eastern Standard"
92802|"RRF"|41|40|40|28.11|-82.38|"+5"
92805|"PMP"|20|21|23|26.15|-80.07|"+5"
92806|"SPG"|6|8|9|27.46|-82.38|"+5"
92809|"HWO"|7|9|10|26|-80.14|"+5"
92813|"ISM"|0|0|0|28.17|-81.26|"+5"
92814|"SGJ"|0|0|0|29.58|-81.2|"+5"
92815|"SUA"|0|0|0|27.11|-80.13|"+5"
92816|"VDF"|0|0|0|28.01|-82.21|"+5"
92817|"VVG"|0|0|0|28.57|-81.58|"+5"
93005|"DRO"|6674|6685|6677|37.08|-107.46|"+7"
93007|"GUC"|0|0|0|38.27|-107.02|"+7"
93009|"LXV"|9935|9927|9938|39.14|-106.19|"+7"
93010|"LIC"|5347|5365|5350|39.11|-103.43|"+7"
93013|"MTJ"|5750|5759|5753|38.31|-107.54|"+7"
93026|"DUG"|4099|4101|4102|31.28|-109.36|"+7"
93027|"SJN"|5725|5733|5728|34.31|-109.23|"+7"
93033|"CNM"|3231|3261|3234|32.2|-104.16|"+7"
93035|"MRF"|0|0|0|30.22|-104.01|"+6"
93037|"COS"|6180|6170|6183|38.49|-104.43|"+7"
93041|"LRU"|0|0|0|32.17|-106.55|"+7"
93042|"DHT"|3991|3994|3994|36.01|-102.33|"+6"
93045|"TCS"|4820|4858|4823|33.14|-107.16|"+7"
93046|"HHF"|0|2394|0|35.54|-100.24|"+6"
93057|"GNT"|6519|6520|6522|35.1|-107.54|"+7"
93058|"PUB"|4652|4720|4655|38.17|-104.3|"+7"
93063|"SVC"|0|0|0|32.38|-108.1|"+7"
93065|"AFF"|0|6572|0|38.58|-104.49|"+7"
93067|"APA"|5824|5828|5827|39.34|-104.51|"+7"
93069|"CEZ"|5896|5914|5899|37.18|-108.38|"+7"
93073|"ASE"|7722|7742|7725|39.13|-106.52|"+7"
93075|"CNY"|4572|4565|4575|38.46|-109.45|"+7"
93076|"EHA"|0|0|0|37|-101.53|"+6"
93083|"SRR"|0|0|0|33.28|-105.32|"+7"
93084|"SAD"|3157|3158|3160|32.51|-109.38|"+7"
93092|"E33"|0|0|0|36.52|-106.34|"+7"
93097|"ALM"|0|0|0|32.5|-105.59|"+7"
93102|"NFL"|3934|3934|3940|39.25|-118.42|"+8"
93104|"NID"|2214|2283|2238|35.41|-117.41|"+8"
93107|"NKX"|456|478|463|32.52|-117.09|"+8"
93110|"OXR"|65|68|68|34.12|-119.13|"+8"
93111|"NTD"|7|12|13|34.07|-119.07|"+8"
93112|"NZY"|26|26|51|32.42|-117.12|"+8"
93115|"NRS"|12|23|18|32.34|-117.07|"+8"
93116|"NSI"|502|504|508|33.14|-119.28|"+8"
93117|"NUC"|0|182|0|33.01|-118.35|"+8"
93121|"NXP"|2283|2283|2020|34.18|-116.1|"+8"
93129|"CDC"|5623|5618|5626|37.42|-113.06|"+7"
93132|"U28"|0|4120|0|39|-110.09|"+7"
93134|"CQT"|182|185|185|34.02|-118.18|"+8"
93136|"MWS"|0|5705|0|34.14|-118.04|"+8"
93138|"PSP"|444|450|447|33.5|-116.31|"+8"
93141|"PUC"|5874|5856|5877|39.33|-110.45|"+7"
93144|"VIS"|0|0|0|36.19|-119.23|"+8"
93167|"IGM"|3384|3446|3387|35.16|-113.56|"+7"
93184|"SNA"|49|55|52|33.41|-117.52|"+8"
93193|"FAT"|372|327|375|36.47|-119.43|"+8"
93194|"IYK"|0|2455|0|35.4|-117.5|"+8"
93197|"SMO"|189|175|192|34.01|-118.27|"+7"
93201|"TRK"|0|0|0|39.19|-120.08|"+8"
93203|"CIC"|0|238|0|39.48|-121.31|"+8"
93205|"MYV"|69|62|72|39.06|-121|"+8"
93206|"SBP"|193|207|196|35.14|-120.38|"+8"
93209|"PRB"|803|817|806|35.4|-120.38|"+8"
93210|"OVE"|192|192|195|39.29|-121.37|"+8"
93214|"VBG"|0|0|0|34.44|-120.35|"+8"
93216|"BAB"|0|113|0|39.08|-121.26|"+8"
93225|"SMF"|19|33|22|38.42|-121.35|"+8"
93226|"87Q"|89|69|92|35.4|-121.17|"+8"
93227|"APC"|43|56|46|38.13|-122.17|"+8"
93228|"HWD"|59|47|62|37.4|-122.07|"+8"
93230|"TVL"|6313|6273|6316|38.53|-119|"+8"
93231|"SQL"|0|5|0|37.31|-122.15|"+8"
93232|"RHV"|0|133|0|37.2|-121.49|"+8"
93241|"VCB"|110|114|113|38.23|-121.58|"+8"
93242|"MAE"|254|253|257|36.59|-120.07|"+8"
93244|"IZA"|0|671|0|34.37|-120.05|"+8"
93706|"HGR"|734|704|737|39.43|-77.44|"+5"
93714|"PTB"|0|0|0|37.11|-77.31|"+5"
93718|"CRE"|25|33|28|33.49|-78.43|"+5"
93719|"EWN"|12|24|15|35.04|-77.03|"+5"
93720|"SBY"|48|60|67|38.2|-75.31|"+5"
93721|"BWI"|193|155|196|39.1|-76.41|"+5"
93726|"ISO"|0|94|0|35.2|-77.37|"+5"
93727|"NCA"|25|25|30|34.42|-77.26|"+5"
93728|"DAA"|0|74|0|38.43|-77.11|"+5"
93729|"HSE"|10|11|13|35.14|-75.37|"+5"
93730|"ACY"|114|67|117|39.28|-74.28|"+5"
93735|"FAF"|0|12|0|37.08|-76.37|"+5"
93736|"CHO"|629|644|632|38.08|-78.27|"+5"
93737|"FBG"|0|242|0|35.08|-78.56|"+5"
93738|"IAD"|306|323|309|38.56|-77.27|"+5"
93739|"WAL"|60|48|63|37.56|-75.3|"+5"
93740|"FAY"|181|196|184|34.59|-78.53|"+5"
93741|"PHF"|56|51|59|37.08|-76.29|"+5"
93743|"NJM"|22|22|29|34.41|-77.02|"+5"
93744|"MTN"|0|0|0|39.2|-76.25|"+5"
93747|"HFF"|0|376|0|35.02|-79.3|"+5"
93753|"OAJ"|0|94|0|34.5|-77.37|"+5"
93757|"HSP"|0|0|0|37.57|-79.5|"+5"
93759|"RWI"|156|158|159|35.52|-77.53|"+5"
93760|"SHD"|0|0|0|38.16|-78.54|"+5"
93765|"MRH"|10|11|13|34.44|-76.4|"+5"
93773|"AKQ"|108|108|111|36.59|-77.01|"+5"
93775|"OFP"|204|205|207|37.43|-77.26|"+5"
93776|"KNIS"|30|30|30|34.53|-76.52|"+5"
93778|"THV"|472|480|475|39.55|-76.52|"+5"
93780|"VAY"|50|53|53|39.56|-74.5|"+5"
93781|"RZZ"|248|255|251|36.26|-77.43|"+5"
93782|"MEB"|219|220|222|34.47|-79.22|"+5"
93783|"BUY"|591|616|594|36.03|-79.29|"+5"
93784|"DMH"|22|19|25|39.17|-76.37|"+5"
93785|"IGX"|522|512|525|35.56|-79.04|"+5"
93786|"OXB"|19|12|22|38.19|-75.07|"+5"
93796|"ASJ"|0|0|0|36.18|-77.1|"+5"
93797|"AVC"|0|0|0|36.41|-78.03|"+5"
93798|"CJR"|0|0|0|38.32|-77.52|"+5"
93799|"CPC"|0|0|0|34.16|-78.43|"+5"
93801|"RMG"|634|644|637|34.21|-85.1|"+5"
93803|"CIR"|0|321|0|37.04|-89.13|"+6"
93805|"TLH"|71|68|74|30.23|-84.21|"+5"
93806|"TCL"|164|186|167|33.13|-87.37|"+6"
93807|"INT"|993|970|996|36.08|-80.13|"+5"
93808|"BWG"|536|537|539|36.59|-86.26|"+6"
93810|"MDH"|427|416|430|37.47|-89.15|"+6"
93812|"LUK"|509|497|512|39.06|-84.25|"+5"
93814|"CVG"|882|883|885|39.02|-84.4|"+5"
93815|"DAY"|1001|1003|1004|39.55|-84.13|"+6"
93816|"1H2"|0|0|0|39.04|-88.32|"+6"
93817|"EVV"|418|388|421|38.02|-87.32|"+5"
93819|"IND"|794|808|797|39.43|-86.16|"+5"
93820|"LEX"|977|980|980|38.02|-84.37|"+5"
93821|"SDF"|481|488|484|38.11|-85.44|"+5"
93822|"SPI"|591|613|594|39.51|-89.41|"+6"
93824|"ZZV"|878|902|881|39.56|-81.53|"+5"
93831|"NBC"|29|38|37|32.29|-80.43|"+5"
93837|"NIP"|18|22|41|30.14|-81.4|"+5"
93839|"KNQA"|292|320|300|35.22|-89.52|"+6"
93841|"NSE"|170|200|192|30.43|-87.01|"+6"
93842|"CSG"|432|394|435|32.31|-84.56|"+5"
93845|"VLD"|198|198|201|30.47|-83.17|"+5"
93846|"AND"|784|773|787|34.29|-82.43|"+5"
93862|"TUP"|347|361|350|34.16|-88.46|"+6"
93874|"GPT"|48|28|51|30.25|-89.04|"+6"
93894|"MVN"|0|480|0|38.19|-88.52|"+6"
93909|"IXD"|1114|1087|1117|38.5|-94.53|"+6"
93911|"SNL"|0|0|0|35.22|-96.56|"+6"
93915|"AEX"|89|80|92|31.2|-92.34|"+6"
93919|"MCB"|407|422|410|31.11|-90.28|"+6"
93929|"GLE"|0|0|0|33.39|-97.12|"+6"
93940|"ADM"|0|0|0|34.13|-97.1|"+6"
93943|"BWD"|0|1387|0|31.47|-98.58|"+6"
93947|"T82"|0|0|0|30.14|-98.55|"+6"
93950|"MLC"|750|770|753|34.54|-95.47|"+6"
93953|"MKO"|607|610|610|35.4|-95.22|"+6"
93955|"PRX"|0|0|0|33.38|-95.27|"+6"
93967|"CFV"|739|752|742|37.05|-95.34|"+6"
93978|"PTT"|0|1952|0|37.42|-98.45|"+6"
93983|"PSN"|0|423|0|31.47|-95.43|"+6"
93984|"TPL"|0|0|0|31.09|-97.25|"+6"
93985|"MWL"|933|972|936|32.47|-98.04|"+6"
93986|"HBR"|1552|1570|1555|35.01|-99.03|"+6"
93987|"LFK"|288|316|291|31.14|-94.45|"+6"
93988|"PBF"|204|214|207|34.11|-91.56|"+6"
93989|"UIN"|775|766|778|39.56|-91.11|"+6"
93990|"HLC"|2195|2221|2198|39.23|-99.5|"+6"
93991|"ARG"|0|0|0|36.08|-90.55|"+6"
93992|"ELD"|251|285|254|33.13|-92.49|"+6"
93993|"FYV"|1244|1259|1247|36.01|-94.1|"+6"
93996|"FAM"|0|0|0|37.46|-90.26|"+6"
93997|"RSL"|1862|1863|1865|38.52|-98.5|"+6"
94008|"GGW"|2268|2294|2271|48.13|-106.37|"+7"
94011|"MIB"|0|1668|0|48.25|-101.22|"+6"
94012|"HVR"|2581|2599|2584|48.34|-109.47|"+7"
94014|"ISN"|1899|1905|1902|48.11|-103.38|"+6"
94015|"FCS"|0|5838|0|38.41|-104.46|"+7"
94017|"OLF"|1981|1986|1984|48.05|-105.34|"+7"
94023|"GCC"|4329|4340|4332|44.2|-105.32|"+7"
94025|"HDN"|0|0|0|40.29|-107.13|"+7"
94028|"SDY"|0|0|0|47.43|-104.11|"+7"
94030|"VEL"|5265|5274|5268|40.26|-109.31|"+7"
94032|"CUT"|5562|5565|5565|43.44|-103.22|"+6"
94037|"2WX"|3002|3003|3005|45.36|-103.33|"+7"
94038|"HEI"|2715|2705|2718|46.01|-102.39|"+7"
94039|"IEN"|3273|3331|3276|43.01|-102.31|"+7"
94040|"MCK"|2574|2579|2577|40.13|-100.35|"+6"
94041|"N60"|1909|1912|1912|47.4|-101.26|"+6"
94050|"EEO"|6330|6390|6333|40.03|-107.53|"+7"
94051|"JDN"|2633|2630|2636|47.2|-106.57|"+7"
94052|"MBG"|1672|1664|1675|45.33|-100.25|"+6"
94053|"TOR"|4190|4205|4193|42.04|-104.09|"+7"
94054|"BYG"|4910|4967|4913|44.23|-106.43|"+7"
94055|"BHK"|2960|2971|2963|46.22|-104.15|"+7"
94056|"D07"|2577|2574|2580|45.02|-102.01|"+6"
94057|"DGW"|4918|4929|4921|42.48|-105.23|"+7"
94061|"42V"|0|0|0|40.04|-101.33|"+6"
94062|"FNL"|0|0|0|40.27|-105.01|"+7"
94063|"OGA"|0|0|0|41.07|-101.46|"+6"
94070|"9V2"|0|2796|0|40.11|-101.02|"+6"
94073|"IBM"|0|4926|0|41.11|-103.41|"+7"
94076|"20V"|0|7411|0|40.03|-106.22|"+7"
94107|"REO"|4053|4050|4056|42.35|-117.52|"+7"
94119|"DEW"|2193|2206|2196|47.58|-117.25|"+8"
94128|"LGU"|4444|4454|4447|41.47|-111.51|"+7"
94129|"PUW"|2537|2551|2540|46.44|-117.07|"+8"
94161|"SUN"|0|5320|0|43.3|-114.18|"+7"
94163|"WYS"|0|0|0|44.41|-111.07|"+7"
94173|"P60"|7838|7835|7841|44.32|-110.25|"+7"
94176|"SFF"|1976|1968|1979|47.41|-117.19|"+8"
94178|"TWF"|4145|4188|4148|42.29|-114.29|"+7"
94182|"MYL"|5029|5020|5032|44.53|-116.06|"+7"
94184|"U78"|0|5839|0|42.38|-111.35|"+7"
94185|"BNO"|4145|4170|4148|43.35|-118.57|"+8"
94186|"77M"|0|4511|0|42.19|-113.2|"+7"
94187|"HMS"|0|732|0|46.34|-119.36|"+8"
94194|"RXE"|4854|4858|4857|43.5|-111.53|"+7"
94195|"EUL"|0|0|0|43.38|-116.38|"+7"
94196|"5J0"|0|0|0|44.24|-118.58|"+8"
94197|"OMK"|1297|1301|1300|48.28|-119.31|"+8"
94204|"CZK"|0|151|0|45.41|-121.53|"+8"
94224|"AST"|9|22|12|46.1|-123.53|"+8"
94225|"HQM"|14|15|17|46.58|-123.56|"+8"
94227|"SHN"|270|269|273|47.14|-123.09|"+8"
94236|"LMT"|4087|4092|4090|42.09|-121.43|"+8"
94239|"EAT"|1238|1230|1241|47.24|-120.13|"+8"
94240|"UIL"|178|205|181|47.56|-124.34|"+8"
94248|"RNT"|41|29|44|47.29|-122.13|"+8"
94261|"HIO"|223|229|226|45.32|-122.57|"+8"
94263|"PWT"|0|439|0|47.29|-122.46|"+8"
94266|"CLM"|281|288|284|48.07|-123.3|"+8"
94273|"MMV"|157|160|160|45.11|-123.08|"+8"
94274|"TIW"|293|315|296|47.16|-122.35|"+8"
94276|"FHR"|107|109|110|48.31|-123.01|"+8"
94281|"UAO"|193|196|196|45.15|-122.46|"+8"
94282|"BVS"|0|144|0|48.28|-122.25|"+8"
94285|"LKV"|0|0|0|42.29|-120.31|"+8"
94297|"KNRA"|199|199|199|48.13|-122.38|"+8"
94298|"VUO"|18|18|21|45.37|-122.4|"+8"
94299|"AAT"|4365|4366|4368|41.29|-120.34|"+8"
94601|"RKD"|0|0|0|44.04|-69.06|"+5"
94605|"40B"|0|1031|0|46.37|-69.32|"+5"
94623|"IWI"|77|68|80|43.58|-69.43|"+5"
94624|"CQX"|62|68|65|41.41|-69.59|"+5"
94626|"GNR"|1045|1038|1048|45.28|-69.36|"+5"
94700|"BML"|1131|1158|1134|44.35|-71.11|"+5"
94702|"BDR"|8|17|11|41.1|-73.09|"+5"
94704|"DSV"|650|662|653|42.34|-77.43|"+5"
94705|"MPV"|1169|1121|1172|44.12|-72.35|"+5"
94709|"LEW"|0|0|0|44.03|-70.17|"+5"
94720|"HYA"|72|52|75|41.4|-70.17|"+5"
94721|"EEN"|0|0|0|42.47|-72.17|"+5"
94723|"LWM"|179|149|182|42.43|-71.07|"+5"
94724|"MVY"|53|68|56|41.23|-70.37|"+5"
94725|"MSS"|216|214|219|44.56|-74.51|"+5"
94726|"EWB"|75|80|78|41.41|-70.58|"+5"
94728|"NYC"|158|156|161|40.47|-73.58|"+5"
94732|"PNE"|89|119|92|40.05|-75.01|"+5"
94733|"PLB"|349|372|352|44.41|-73.31|"+5"
94737|"RUT"|0|0|0|43.32|-72.57|"+5"
94740|"SLK"|1633|1663|1636|44.23|-74.13|"+5"
94741|"TEB"|25|7|28|40.51|-74.04|"+5"
94745|"HPN"|379|397|399|41.04|-73.43|"+5"
94746|"ORH"|963|1017|966|42.16|-71.53|"+5"
94761|"ITH"|0|1099|0|42.29|-76.28|"+5"
94765|"LEB"|560|570|563|43.38|-72.18|"+5"
94789|"JFK"|29|22|32|40.4|-73.48|"+5"
94790|"ART"|329|333|332|43.59|-76.01|"+5"
94793|"BID"|0|108|0|41.1|-71.35|"+5"
94794|"UCA"|748|744|751|43.09|-72.23|"+5"
94814|"HTL"|1148|1160|1151|44.22|-84.41|"+5"
94815|"AZO"|892|874|895|42.14|-85.33|"+5"
94817|"PTK"|971|980|974|42.4|-83.25|"+5"
94818|"RAC"|665|674|668|42.46|-87.49|"+6"
94822|"RFD"|728|743|731|42.12|-89.05|"+6"
94823|"PIT"|1172|1203|1175|40.3|-80.14|"+5"
94830|"TOL"|690|692|693|41.35|-83.48|"+5"
94833|"GUS"|0|811|0|40.39|-86.09|"+5"
94836|"SAW"|0|0|0|46.21|-87.24|"+5"
94846|"ORD"|655|674|658|41.59|-87.55|"+6"
94847|"DTW"|628|664|631|42.13|-83.21|"+5"
94849|"APN"|683|693|686|45.04|-83.35|"+5"
94853|"ESC"|0|0|0|45.43|-87.05|"+5"
94854|"JVL"|0|808|0|42.37|-89.02|"+6"
94855|"OSH"|813|839|816|43.59|-88.34|"+6"
94860|"GRR"|785|803|788|42.53|-85.31|"+5"
94868|"FKL"|0|0|0|41.26|-79.52|"+5"
94869|"MWC"|0|745|0|43.07|-88.02|"+6"
94870|"CMI"|749|763|752|40.02|-88.17|"+6"
94871|"BEH"|628|643|631|42.08|-86.25|"+5"
94889|"ARB"|833|839|836|42.13|-83.44|"+5"
94890|"CWA"|0|1277|0|44.47|-89.4|"+6"
94891|"DNV"|0|0|0|40.12|-87.36|"+6"
94892|"DPA"|755|758|758|41.55|-88.15|"+6"
94893|"IMT"|1131|1182|1134|45.49|-88.07|"+6"
94894|"MBL"|0|0|0|44.16|-86.15|"+5"
94895|"MIE"|963|947|966|40.14|-85.23|"+5"
94897|"MTW"|0|0|0|44.08|-87.41|"+6"
94898|"P58"|593|590|596|44.01|-82.47|"+5"
94899|"P59"|629|626|632|47.28|-87.53|"+5"
94902|"BKX"|0|0|0|44.18|-96.49|"+6"
94908|"DBQ"|1069|1080|1072|42.24|-90.42|"+6"
94910|"ALO"|860|878|863|42.33|-92.24|"+6"
94911|"YKN"|0|0|0|42.55|-97.23|"+6"
94919|"GPZ"|0|0|0|47.1|-93.29|"+6"
94925|"RDR"|0|911|0|47.58|-97.24|"+6"
94926|"IWD"|0|0|0|46.32|-90.08|"+6"
94927|"OTG"|0|0|0|43.4|-95.35|"+6"
94928|"DVL"|0|0|0|48.07|-98.55|"+6"
94929|"ASX"|823|826|826|46.33|-90.55|"+6"
94930|"VOK"|0|910|0|43.56|-90.16|"+6"
94931|"HIB"|1352|1357|1355|47.23|-92.5|"+6"
94933|"FOD"|0|1157|0|42.37|-94.18|"+6"
94938|"BRD"|1222|1226|1225|46.24|-94.08|"+6"
94940|"CMY"|0|0|0|43.58|-90.44|"+6"
94943|"9V9"|1699|1695|1702|43.46|-99.19|"+6"
94946|"BBW"|2523|2530|2526|41.26|-99.38|"+6"
94947|"BIE"|0|0|0|40.18|-96.45|"+6"
94948|"FRM"|0|0|0|43.39|-94.25|"+6"
94949|"HSI"|1940|1954|1943|40.36|-98.26|"+6"
94950|"MHE"|1294|1303|1297|43.47|-98.02|"+6"
94951|"OLU"|0|0|0|41.27|-97.2|"+6"
94956|"TVF"|0|0|0|48.04|-96.11|"+6"
94957|"FNB"|984|985|987|40.05|-95.35|"+6"
94958|"ODX"|2059|2064|2062|41.37|-98.57|"+6"
94959|"GBG"|0|0|0|40.56|-90.26|"+6"
94960|"MIC"|869|869|872|45.04|-93.21|"+6"
94961|"BDE"|1080|1084|1083|48.44|-94.37|"+6"
94962|"DTL"|0|0|0|46.5|-95.53|"+6"
94963|"FCM"|919|944|922|44.5|-93.28|"+6"
94964|"ELO"|0|0|0|47.49|-91.5|"+6"
94966|"FFM"|0|0|0|46.17|-96.1|"+6"
94967|"PKD"|1450|1443|1453|46.54|-95.04|"+6"
94968|"AEL"|0|0|0|43.41|-93.22|"+6"
94969|"FBL"|0|0|0|44.19|-93.19|"+6"
94971|"EST"|1316|1317|1319|43.25|-94.45|"+6"
94973|"HYR"|1213|1215|1216|46.02|-91.26|"+6"
94974|"ANE"|0|0|0|45.09|-93.13|"+6"
94975|"ANW"|0|0|0|42.35|-99.59|"+6"
94976|"MML"|0|0|0|44.27|-95.49|"+6"
94977|"CDD"|0|0|0|48.16|-92.29|"+6"
94978|"TQE"|1024|1027|1027|41.46|-96.11|"+6"
94979|"CWI"|0|0|0|41.5|-90.2|"+6"
94982|"DVN"|748|753|751|41.37|-90.35|"+6"
94985|"MFI"|1245|1277|1248|44.38|-90.11|"+6"
94986|"MNM"|0|0|0|45.08|-87.38|"+6"
94988|"MIW"|972|974|975|42.07|-92.55|"+6"
94989|"AMW"|917|955|920|41.59|-93.37|"+6"
94990|"SFD"|2039|2032|2042|43.23|-99.5|"+6"
94991|"LWD"|1134|1135|1137|40.38|-93.54|"+6"
94992|"GNA"|613|610|616|47.45|-90.2|"+6"
94993|"8D3"|1161|1162|1164|45.4|-96.59|"+6"
94994|"OVS"|664|671|667|43.1|-90.41|"+6"
94997|"ADC"|0|0|0|46.27|-95.13|"+6"
94998|"ADU"|0|0|0|41.42|-94.55|"+6"
94999|"AIT"|0|1204|0|46.33|-93.41|"+6"
96401|"IEC"|0|1350|0|62.5|-149.55|"+9"
96402|"JVM"|0|870|0|61.44|-148.56|"+9"
